1,48,50,2017/05/05 12:20,2017/05/05 15:10,30,0,0,0,0,
2,48,50,2017/05/07 14:10,2017/05/07 17:00,40,0,0,0,0,
3,48,50,2017/05/08 12:20,2017/05/08 15:10,31,0,0,0,0,
4,49,48,2017/05/05 21:00,2017/05/05 23:45,59,0,0,0,0,
5,48,50,2017/05/06 12:20,2017/05/06 15:10,40,1,0,0,1,2:53&84:44
6,68,49,2017/05/06 11:15,2017/05/06 13:25,6,0,0,0,0,
7,68,49,2017/05/08 11:15,2017/05/08 13:25,129,0,0,0,0,
8,68,49,2017/05/05 11:15,2017/05/05 13:25,133,0,0,0,0,
9,50,48,2017/05/05 08:05,2017/05/05 11:00,30,0,0,0,0,
10,50,48,2017/05/06 08:05,2017/05/06 11:00,40,0,0,0,0,
11,50,48,2017/05/07 08:05,2017/05/07 11:00,40,1,0,0,1,71:76&12:3
12,50,48,2017/05/08 08:05,2017/05/08 11:00,31,0,0,0,0,
13,48,49,2017/05/05 08:05,2017/05/05 10:45,103,0,0,0,0,
14,48,49,2017/05/06 08:05,2017/05/06 10:45,59,0,0,0,0,
15,50,72,2017/05/05 07:30,2017/05/05 10:25,50,0,0,0,0,
16,50,72,2017/05/06 07:30,2017/05/06 10:25,94,0,0,0,0,
17,50,72,2017/05/07 07:30,2017/05/07 10:25,69,1,0,0,1,28:75&18:27
18,50,72,2017/05/08 07:30,2017/05/08 10:25,68,0,0,0,0,
19,36,4,2017/05/05 12:45,2017/05/06 01:25,24,0,0,0,0,
20,72,49,2017/05/07 16:25,2017/05/07 19:05,29,0,0,0,0,
21,72,49,2017/05/08 15:15,2017/05/08 17:55,26,0,0,0,0,
22,71,32,2017/05/07 12:30,2017/05/07 14:15,82,0,0,0,0,
23,32,49,2017/05/07 17:10,2017/05/07 18:35,82,0,0,0,0,
24,72,49,2017/05/05 15:15,2017/05/05 17:55,92,0,0,0,0,
25,72,49,2017/05/06 15:15,2017/05/06 17:55,29,1,0,0,1,131:46&1157:39&1158:5
26,50,72,2017/05/05 16:25,2017/05/05 19:25,76,0,0,0,0,
27,50,72,2017/05/06 15:50,2017/05/06 18:50,122,0,0,0,0,
28,50,72,2017/05/07 18:20,2017/05/07 21:20,139,0,0,0,0,
29,50,72,2017/05/08 16:25,2017/05/08 19:25,73,0,0,0,0,
30,68,49,2017/05/07 21:15,2017/05/07 23:10,43,0,0,0,0,
31,71,32,2017/05/08 12:30,2017/05/08 14:15,120,0,0,0,0,
32,32,49,2017/05/08 15:15,2017/05/08 16:40,120,0,0,0,0,
33,72,50,2017/05/07 21:40,2017/05/08 00:25,99,0,0,0,0,
34,50,67,2017/05/05 10:50,2017/05/05 13:20,33,0,0,0,0,
35,50,67,2017/05/06 10:50,2017/05/06 13:20,12,0,0,0,0,
36,50,67,2017/05/07 18:15,2017/05/07 20:45,142,0,0,0,0,
37,50,67,2017/05/08 10:50,2017/05/08 13:20,74,0,0,0,0,
38,68,49,2017/05/08 21:15,2017/05/08 23:10,30,0,0,0,0,
39,72,50,2017/05/06 20:25,2017/05/06 23:10,101,1,0,0,1,54:39&41:81
40,72,50,2017/05/05 20:25,2017/05/05 23:10,76,0,0,0,0,
41,72,50,2017/05/08 20:25,2017/05/08 23:10,73,0,0,0,0,
42,49,32,2017/05/05 07:15,2017/05/05 08:50,90,0,0,0,0,
43,49,32,2017/05/06 07:15,2017/05/06 08:50,7,0,0,0,0,
44,49,32,2017/05/07 07:15,2017/05/07 08:50,92,1,0,0,1,179:33&1749:74
45,49,32,2017/05/08 07:15,2017/05/08 08:50,120,0,0,0,0,
46,71,32,2017/05/05 12:30,2017/05/05 14:15,90,0,0,0,0,
47,32,49,2017/05/05 15:15,2017/05/05 16:40,90,0,0,0,0,
48,71,32,2017/05/06 12:30,2017/05/06 14:15,7,0,0,0,0,
49,67,50,2017/05/05 14:30,2017/05/05 16:55,33,0,0,0,0,
50,67,50,2017/05/06 14:30,2017/05/06 16:55,12,1,0,0,1,51:55&134:48&52:19
51,67,50,2017/05/07 20:10,2017/05/07 22:35,50,0,0,0,0,
52,67,50,2017/05/08 14:30,2017/05/08 16:55,74,0,0,0,0,
53,32,49,2017/05/06 15:15,2017/05/06 16:40,7,1,0,0,0,
54,72,50,2017/05/07 14:45,2017/05/07 17:30,139,0,0,0,0,
55,49,72,2017/05/05 11:15,2017/05/05 14:10,92,0,0,0,0,
56,72,50,2017/05/05 11:40,2017/05/05 14:25,70,0,0,0,0,
57,72,50,2017/05/06 11:40,2017/05/06 14:25,134,1,0,0,1,54:28&33:77&58:78
58,72,50,2017/05/08 11:40,2017/05/08 14:25,68,0,0,0,0,
59,49,72,2017/05/06 11:15,2017/05/06 14:10,29,0,0,0,0,
60,49,72,2017/05/07 11:15,2017/05/07 14:10,29,1,0,0,1,1195:30&61:11&157:85
61,49,72,2017/05/08 11:15,2017/05/08 14:10,26,0,0,0,0,
62,32,71,2017/05/05 10:10,2017/05/05 11:45,90,0,0,0,0,
63,32,71,2017/05/06 10:10,2017/05/06 11:45,7,0,0,0,0,
64,32,71,2017/05/07 10:10,2017/05/07 11:45,82,0,0,0,0,
65,32,71,2017/05/08 10:10,2017/05/08 11:45,120,0,0,0,0,
66,49,36,2017/05/05 09:30,2017/05/05 10:45,24,0,0,0,0,
67,49,68,2017/05/07 18:20,2017/05/07 20:25,43,0,0,0,0,
68,49,68,2017/05/08 18:20,2017/05/08 20:25,30,0,0,0,0,
69,4,36,2017/05/06 04:25,2017/05/06 18:15,24,0,0,0,0,
70,50,48,2017/05/05 15:55,2017/05/05 19:05,44,0,0,0,0,
71,50,48,2017/05/07 17:45,2017/05/07 20:55,40,0,0,0,0,
72,50,48,2017/05/08 15:55,2017/05/08 19:05,45,0,0,0,0,
73,36,49,2017/05/07 15:45,2017/05/07 17:00,24,0,0,0,0,
74,49,67,2017/05/06 07:10,2017/05/06 09:50,45,0,0,0,0,
75,49,67,2017/05/08 07:10,2017/05/08 09:50,44,0,0,0,0,
76,49,67,2017/05/05 21:05,2017/05/05 23:35,140,0,0,0,0,
77,49,67,2017/05/06 21:05,2017/05/06 23:35,121,1,0,0,1,79:6&78:17&138:27&1652:69
78,49,67,2017/05/07 21:05,2017/05/07 23:35,128,0,0,0,0,
79,49,67,2017/05/08 21:05,2017/05/08 23:35,121,0,0,0,0,
80,67,69,2017/05/06 10:55,2017/05/06 13:40,45,0,0,0,0,
81,67,69,2017/05/08 10:55,2017/05/08 13:40,44,0,0,0,0,
82,50,38,2017/05/07 18:40,2017/05/07 20:15,80,0,0,0,0,
83,48,50,2017/05/05 20:15,2017/05/05 23:00,44,0,0,0,0,
84,48,50,2017/05/07 21:45,2017/05/08 00:30,40,0,0,0,0,
85,48,50,2017/05/08 20:15,2017/05/08 23:00,45,0,0,0,0,
86,50,68,2017/05/05 08:50,2017/05/05 11:05,46,0,0,0,0,
87,50,68,2017/05/06 08:50,2017/05/06 11:05,101,0,0,0,0,
88,50,68,2017/05/07 08:50,2017/05/07 11:05,98,1,0,0,1,89:45&1838:63
89,50,68,2017/05/08 08:50,2017/05/08 11:05,45,0,0,0,0,
90,49,67,2017/05/05 07:10,2017/05/05 09:50,45,0,0,0,0,
91,67,69,2017/05/05 10:55,2017/05/05 13:40,45,0,0,0,0,
92,67,49,2017/05/05 11:45,2017/05/05 14:15,132,0,0,0,0,
93,67,49,2017/05/08 11:45,2017/05/08 14:15,77,0,0,0,0,
94,69,67,2017/05/05 14:30,2017/05/05 16:55,45,0,0,0,0,
95,69,67,2017/05/07 14:30,2017/05/07 16:55,45,0,0,0,0,
96,67,49,2017/05/05 17:55,2017/05/05 20:25,45,0,0,0,0,
97,67,49,2017/05/07 17:55,2017/05/07 20:25,45,0,0,0,0,
98,67,49,2017/05/06 11:45,2017/05/06 14:15,5,1,0,0,1,152:3&1670:70&93:27
99,67,49,2017/05/07 14:35,2017/05/07 17:05,127,0,0,0,0,
100,68,50,2017/05/05 11:55,2017/05/05 14:10,46,0,0,0,0,
101,68,50,2017/05/06 11:55,2017/05/06 14:10,101,1,0,0,1,102:67&1832:44&103:21
102,68,50,2017/05/07 14:55,2017/05/07 17:10,69,0,0,0,0,
103,68,50,2017/05/08 11:55,2017/05/08 14:10,45,0,0,0,0,
104,37,49,2017/05/06 14:10,2017/05/06 16:15,115,1,0,0,1,212:67
105,37,49,2017/05/08 14:10,2017/05/08 16:15,12,0,0,0,0,
106,21,49,2017/05/06 09:20,2017/05/06 13:50,13,0,0,0,0,
107,21,49,2017/05/08 09:20,2017/05/08 14:00,106,0,0,0,0,
108,49,37,2017/05/06 15:10,2017/05/06 17:30,13,0,0,0,0,
109,49,37,2017/05/08 15:10,2017/05/08 17:30,106,0,0,0,0,
110,49,21,2017/05/06 17:30,2017/05/06 22:00,115,1,0,0,1,1024:67
111,49,21,2017/05/08 17:30,2017/05/08 22:00,12,0,0,0,0,
112,67,49,2017/05/05 15:00,2017/05/05 17:20,106,0,0,0,0,
113,67,49,2017/05/06 15:00,2017/05/06 17:20,77,1,0,0,1,99:82&153:14
114,38,50,2017/05/07 15:55,2017/05/07 17:20,5,0,0,0,0,
115,67,38,2017/05/08 08:30,2017/05/08 09:55,17,0,0,0,0,
116,62,49,2017/05/05 09:20,2017/05/05 11:15,47,0,0,0,0,
117,62,49,2017/05/07 16:50,2017/05/07 18:45,56,0,0,0,0,
118,62,49,2017/05/08 09:20,2017/05/08 11:15,65,0,0,0,0,
119,38,50,2017/05/08 10:55,2017/05/08 12:20,17,0,0,0,0,
120,67,38,2017/05/05 08:30,2017/05/05 09:55,55,0,0,0,0,
121,38,50,2017/05/05 10:55,2017/05/05 12:20,55,0,0,0,0,
122,32,49,2017/05/05 07:25,2017/05/05 08:55,36,0,0,0,0,
123,32,49,2017/05/06 07:25,2017/05/06 08:55,131,0,0,0,0,
124,32,49,2017/05/07 07:25,2017/05/07 08:55,84,1,0,0,1,125:3&32:63&708:45&1731:47
125,32,49,2017/05/08 07:25,2017/05/08 08:55,119,0,0,0,0,
126,50,67,2017/05/05 13:45,2017/05/05 16:15,40,0,0,0,0,
127,50,67,2017/05/06 13:45,2017/05/06 16:15,33,1,0,0,1,36:91
128,50,67,2017/05/07 18:35,2017/05/07 21:05,33,0,0,0,0,
129,50,67,2017/05/08 13:45,2017/05/08 16:15,33,0,0,0,0,
130,72,49,2017/05/06 06:35,2017/05/06 09:20,141,0,0,0,0,
131,72,49,2017/05/07 14:35,2017/05/07 17:20,134,0,0,0,0,
132,72,49,2017/05/05 06:35,2017/05/05 09:20,130,0,0,0,0,
133,72,49,2017/05/08 06:35,2017/05/08 09:20,4,0,0,0,0,
134,67,50,2017/05/07 21:55,2017/05/08 00:15,33,0,0,0,0,
135,49,67,2017/05/05 11:05,2017/05/05 13:45,106,0,0,0,0,
136,49,67,2017/05/06 11:05,2017/05/06 13:45,77,1,0,0,1,78:84&1651:26
137,49,67,2017/05/07 11:05,2017/05/07 13:45,59,1,0,0,1,79:71
138,49,67,2017/05/08 11:05,2017/05/08 13:45,30,0,0,0,0,
139,62,49,2017/05/06 09:20,2017/05/06 11:15,10,0,0,0,0,
140,67,50,2017/05/05 17:15,2017/05/05 19:35,40,0,0,0,0,
141,67,50,2017/05/06 17:15,2017/05/06 19:35,33,1,0,0,1,52:19&142:68
142,67,50,2017/05/08 17:15,2017/05/08 19:35,33,0,0,0,0,
143,38,67,2017/05/07 21:15,2017/05/07 22:50,80,0,0,0,0,
144,50,38,2017/05/05 18:40,2017/05/05 20:15,72,0,0,0,0,
145,50,38,2017/05/08 18:40,2017/05/08 20:15,104,0,0,0,0,
146,49,62,2017/05/05 07:00,2017/05/05 08:50,69,0,0,0,0,
147,49,62,2017/05/06 07:00,2017/05/06 08:50,15,0,0,0,0,
148,49,62,2017/05/07 07:00,2017/05/07 08:50,50,1,0,0,1,232:9&163:67
149,49,62,2017/05/08 07:00,2017/05/08 08:50,92,0,0,0,0,
150,38,67,2017/05/05 21:15,2017/05/05 22:50,72,0,0,0,0,
151,38,67,2017/05/08 21:15,2017/05/08 22:50,104,0,0,0,0,
152,67,49,2017/05/07 15:00,2017/05/07 17:20,63,0,0,0,0,
153,67,49,2017/05/08 15:00,2017/05/08 17:20,30,0,0,0,0,
154,49,72,2017/05/05 20:30,2017/05/05 23:30,141,0,0,0,0,
155,49,72,2017/05/06 20:30,2017/05/06 23:30,90,1,0,0,0,
156,49,72,2017/05/07 20:30,2017/05/07 23:30,4,0,0,0,0,
157,49,72,2017/05/08 20:30,2017/05/08 23:30,4,0,0,0,0,
158,67,38,2017/05/07 08:30,2017/05/07 09:55,5,0,0,0,0,
159,49,37,2017/05/06 21:10,2017/05/06 23:20,105,1,0,0,1,1360:38
160,62,49,2017/05/05 20:20,2017/05/05 22:15,54,0,0,0,0,
161,49,62,2017/05/05 20:55,2017/05/05 22:45,41,0,0,0,0,
162,49,62,2017/05/06 20:55,2017/05/06 22:45,6,1,0,0,1,232:27
163,49,62,2017/05/07 22:50,2017/05/08 00:30,30,0,0,0,0,
164,49,62,2017/05/08 20:55,2017/05/08 22:45,43,0,0,0,0,
165,49,57,2017/05/05 07:45,2017/05/05 09:35,88,0,0,0,0,
166,49,57,2017/05/06 07:45,2017/05/06 09:35,19,0,0,0,0,
167,49,57,2017/05/07 07:45,2017/05/07 09:35,48,1,0,0,1,243:57&549:19
168,49,57,2017/05/08 07:45,2017/05/08 09:35,19,0,0,0,0,
169,49,22,2017/05/05 11:45,2017/05/05 16:10,104,0,0,0,0,
170,49,22,2017/05/06 11:45,2017/05/06 16:10,16,0,0,0,0,
171,49,22,2017/05/07 11:45,2017/05/07 16:10,105,1,0,0,1,265:22&172:89
172,49,22,2017/05/08 11:45,2017/05/08 16:10,105,0,0,0,0,
173,49,62,2017/05/05 12:30,2017/05/05 14:15,47,0,0,0,0,
174,49,62,2017/05/06 12:30,2017/05/06 14:15,91,0,0,0,0,
175,49,62,2017/05/07 12:30,2017/05/07 14:15,41,1,0,0,1,194:19&253:33&205:16
176,49,62,2017/05/08 12:30,2017/05/08 14:15,65,0,0,0,0,
177,49,32,2017/05/05 22:00,2017/05/05 23:45,126,0,0,0,0,
178,49,32,2017/05/06 22:00,2017/05/06 23:45,9,1,0,0,1,179:12&679:45&180:48
179,49,32,2017/05/07 22:00,2017/05/07 23:45,119,0,0,0,0,
180,49,32,2017/05/08 22:00,2017/05/08 23:45,57,0,0,0,0,
181,62,49,2017/05/05 07:30,2017/05/05 09:20,58,0,0,0,0,
182,62,49,2017/05/08 07:30,2017/05/08 09:20,30,0,0,0,0,
183,57,49,2017/05/05 10:50,2017/05/05 12:35,88,0,0,0,0,
184,57,49,2017/05/06 10:50,2017/05/06 12:35,19,0,0,0,0,
185,57,49,2017/05/07 16:35,2017/05/07 18:20,76,0,0,0,0,
186,57,49,2017/05/08 10:50,2017/05/08 12:35,19,0,0,0,0,
187,62,49,2017/05/06 17:20,2017/05/06 19:10,6,1,0,0,1,215:12&117:17
188,62,49,2017/05/07 17:20,2017/05/07 19:10,118,0,0,0,0,
189,62,49,2017/05/05 17:20,2017/05/05 19:10,59,0,0,0,0,
190,62,49,2017/05/08 17:20,2017/05/08 19:10,57,0,0,0,0,
191,62,49,2017/05/06 07:30,2017/05/06 09:20,41,0,0,0,0,
192,62,49,2017/05/07 07:30,2017/05/07 09:20,37,1,0,0,1,215:84
193,49,62,2017/05/05 17:30,2017/05/05 19:15,54,0,0,0,0,
194,49,62,2017/05/07 18:25,2017/05/07 20:10,63,0,0,0,0,
195,22,49,2017/05/05 15:40,2017/05/05 20:10,115,0,0,0,0,
196,22,49,2017/05/07 15:40,2017/05/07 20:10,105,0,0,0,0,
197,22,49,2017/05/08 15:40,2017/05/08 19:55,123,0,0,0,0,
198,49,62,2017/05/05 14:30,2017/05/05 16:15,59,0,0,0,0,
199,49,62,2017/05/06 14:30,2017/05/06 16:15,6,0,0,0,0,
200,49,62,2017/05/07 14:30,2017/05/07 16:15,102,1,0,0,1,253:45
201,49,62,2017/05/08 14:30,2017/05/08 16:15,57,0,0,0,0,
202,49,62,2017/05/05 08:55,2017/05/05 10:40,56,0,0,0,0,
203,49,62,2017/05/06 08:55,2017/05/06 10:40,30,0,0,0,0,
204,49,62,2017/05/07 08:55,2017/05/07 10:40,26,1,0,0,1,253:38&149:42
205,49,62,2017/05/08 08:55,2017/05/08 10:40,57,0,0,0,0,
206,49,37,2017/05/05 21:10,2017/05/05 23:20,115,0,0,0,0,
207,49,37,2017/05/07 21:10,2017/05/07 23:20,105,0,0,0,0,
208,49,37,2017/05/08 21:10,2017/05/08 23:20,123,0,0,0,0,
209,62,49,2017/05/07 20:20,2017/05/07 22:15,19,0,0,0,0,
210,37,49,2017/05/05 08:35,2017/05/05 10:40,104,0,0,0,0,
211,37,49,2017/05/06 08:35,2017/05/06 10:40,16,0,0,0,0,
212,37,49,2017/05/07 14:55,2017/05/07 17:00,124,0,0,0,0,
213,37,49,2017/05/08 08:35,2017/05/08 10:40,105,0,0,0,0,
214,62,49,2017/05/05 11:40,2017/05/05 13:30,56,0,0,0,0,
215,62,49,2017/05/07 15:40,2017/05/07 17:30,28,0,0,0,0,
216,22,49,2017/05/06 15:40,2017/05/06 19:55,105,1,0,0,0,
217,62,49,2017/05/06 11:40,2017/05/06 13:30,30,0,0,0,0,
218,62,49,2017/05/08 11:40,2017/05/08 13:30,57,0,0,0,0,
219,62,50,2017/05/08 15:05,2017/05/08 16:30,65,0,0,0,0,
220,49,27,2017/05/05 14:15,2017/05/05 17:15,8,0,0,0,0,
221,49,27,2017/05/07 19:05,2017/05/07 22:05,100,0,0,0,0,
222,62,49,2017/05/07 20:45,2017/05/07 22:45,75,0,0,0,0,
223,62,49,2017/05/05 19:00,2017/05/05 21:00,30,0,0,0,0,
224,62,50,2017/05/05 15:05,2017/05/05 16:30,117,0,0,0,0,
225,62,50,2017/05/06 15:05,2017/05/06 16:30,65,1,0,0,1,1280:85
226,50,62,2017/05/05 18:30,2017/05/05 19:50,26,0,0,0,0,
227,50,62,2017/05/07 18:30,2017/05/07 19:50,68,0,0,0,0,
228,50,62,2017/05/08 18:30,2017/05/08 19:50,53,0,0,0,0,
229,16,49,2017/05/07 14:20,2017/05/07 17:30,57,0,0,0,0,
230,49,62,2017/05/05 19:00,2017/05/05 20:45,93,0,0,0,0,
231,49,62,2017/05/06 19:00,2017/05/06 20:45,48,1,0,0,1,194:88
232,49,62,2017/05/07 19:00,2017/05/07 20:45,57,0,0,0,0,
233,49,62,2017/05/08 19:00,2017/05/08 20:45,29,0,0,0,0,
234,49,16,2017/05/07 09:30,2017/05/07 12:45,7,1,0,0,0,
235,62,50,2017/05/07 21:05,2017/05/07 22:35,63,0,0,0,0,
236,62,50,2017/05/08 21:05,2017/05/08 22:35,53,0,0,0,0,
237,16,49,2017/05/05 13:50,2017/05/05 17:10,18,0,0,0,0,
238,16,49,2017/05/06 14:20,2017/05/06 17:30,58,1,0,0,0,
239,16,49,2017/05/08 14:20,2017/05/08 17:30,133,0,0,0,0,
240,62,49,2017/05/06 21:45,2017/05/06 23:35,48,1,0,0,1,1300:3&117:54
241,49,57,2017/05/05 15:00,2017/05/05 16:45,109,0,0,0,0,
242,49,57,2017/05/06 15:00,2017/05/06 16:45,18,1,0,0,1,485:32&484:44&243:10
243,49,57,2017/05/07 18:55,2017/05/07 20:40,35,0,0,0,0,
244,49,57,2017/05/08 15:00,2017/05/08 16:45,102,0,0,0,0,
245,49,16,2017/05/05 09:30,2017/05/05 12:50,18,0,0,0,0,
246,49,16,2017/05/06 09:30,2017/05/06 12:45,58,0,0,0,0,
247,49,16,2017/05/08 09:30,2017/05/08 12:45,133,0,0,0,0,
248,62,49,2017/05/07 21:45,2017/05/07 23:35,57,0,0,0,0,
249,62,50,2017/05/05 21:05,2017/05/05 22:35,26,0,0,0,0,
250,62,50,2017/05/06 21:05,2017/05/06 22:35,44,1,0,0,1,274:48
251,49,62,2017/05/05 16:00,2017/05/05 17:45,95,0,0,0,0,
252,49,62,2017/05/06 16:00,2017/05/06 17:45,28,0,0,0,0,
253,49,62,2017/05/07 19:30,2017/05/07 21:15,126,0,0,0,0,
254,49,62,2017/05/08 16:00,2017/05/08 17:45,41,0,0,0,0,
255,62,49,2017/05/05 21:45,2017/05/05 23:35,93,0,0,0,0,
256,62,49,2017/05/08 21:45,2017/05/08 23:35,29,0,0,0,0,
257,50,62,2017/05/06 18:30,2017/05/06 19:50,44,1,0,0,1,1603:44
258,50,62,2017/05/05 11:35,2017/05/05 12:55,83,0,0,0,0,
259,50,62,2017/05/06 11:35,2017/05/06 12:55,73,0,0,0,0,
260,50,62,2017/05/07 11:35,2017/05/07 12:55,38,1,0,0,1,227:39&1603:9
261,50,62,2017/05/08 11:35,2017/05/08 12:55,39,0,0,0,0,
262,27,49,2017/05/05 14:05,2017/05/05 16:45,14,0,0,0,0,
263,27,49,2017/05/07 15:05,2017/05/07 17:45,96,0,0,0,0,
264,49,22,2017/05/05 17:45,2017/05/05 22:10,14,0,0,0,0,
265,49,22,2017/05/07 19:05,2017/05/07 23:30,96,0,0,0,0,
266,62,49,2017/05/08 19:00,2017/05/08 20:55,31,0,0,0,0,
267,22,49,2017/05/05 08:55,2017/05/05 13:15,8,0,0,0,0,
268,22,49,2017/05/07 08:55,2017/05/07 13:15,8,1,0,0,1,196:16&1358:22&197:79
269,62,49,2017/05/05 15:20,2017/05/05 17:10,47,0,0,0,0,
270,62,49,2017/05/06 15:20,2017/05/06 17:10,91,1,0,0,1,1300:45
271,62,49,2017/05/07 20:55,2017/05/07 22:45,41,0,0,0,0,
272,62,49,2017/05/08 15:20,2017/05/08 17:10,80,0,0,0,0,
273,62,49,2017/05/06 19:00,2017/05/06 21:00,94,1,0,0,1,117:37
274,62,50,2017/05/07 16:00,2017/05/07 17:25,142,0,0,0,0,
275,14,49,2017/05/05 20:45,2017/05/05 22:05,106,0,0,0,0,
276,14,49,2017/05/06 20:45,2017/05/06 22:05,93,1,0,0,1,287:91
277,60,79,2017/05/05 11:00,2017/05/05 12:30,123,0,0,0,0,
278,60,79,2017/05/06 11:00,2017/05/06 12:30,53,0,0,0,0,
279,60,79,2017/05/07 11:00,2017/05/07 12:30,110,0,0,0,0,
280,60,79,2017/05/08 11:00,2017/05/08 12:30,85,0,0,0,0,
281,49,79,2017/05/05 07:50,2017/05/05 11:10,107,0,0,0,0,
282,49,79,2017/05/06 07:50,2017/05/06 11:10,103,0,0,0,0,
283,49,79,2017/05/07 07:50,2017/05/07 11:10,36,1,0,0,1,447:43
284,49,79,2017/05/08 07:50,2017/05/08 11:10,67,0,0,0,0,
285,14,49,2017/05/05 12:20,2017/05/05 13:40,109,0,0,0,0,
286,14,49,2017/05/06 12:20,2017/05/06 13:40,18,0,0,0,0,
287,14,49,2017/05/07 20:05,2017/05/07 21:25,127,0,0,0,0,
288,14,49,2017/05/08 12:20,2017/05/08 13:40,102,0,0,0,0,
289,17,49,2017/05/05 09:00,2017/05/05 11:55,15,0,0,0,0,
290,17,49,2017/05/06 09:00,2017/05/06 11:55,108,0,0,0,0,
291,17,49,2017/05/07 09:00,2017/05/07 11:55,19,1,0,0,1,292:99
292,17,49,2017/05/08 09:00,2017/05/08 11:55,125,0,0,0,0,
293,61,14,2017/05/05 09:50,2017/05/05 11:15,85,0,0,0,0,
294,61,14,2017/05/06 09:50,2017/05/06 11:15,17,0,0,0,0,
295,61,14,2017/05/07 17:50,2017/05/07 19:15,112,0,0,0,0,
296,61,14,2017/05/08 09:50,2017/05/08 11:15,116,0,0,0,0,
297,49,23,2017/05/07 22:00,2017/05/08 07:15,22,0,0,0,0,
298,63,14,2017/05/05 15:30,2017/05/05 17:05,91,0,0,0,0,
299,63,14,2017/05/08 15:30,2017/05/08 17:05,19,0,0,0,0,
300,14,61,2017/05/07 20:05,2017/05/07 21:30,112,0,0,0,0,
301,79,60,2017/05/05 16:40,2017/05/05 18:20,37,0,0,0,0,
302,79,60,2017/05/06 16:40,2017/05/06 18:20,126,0,0,0,0,
303,79,60,2017/05/08 16:40,2017/05/08 18:20,55,0,0,0,0,
304,14,63,2017/05/08 18:05,2017/05/08 19:45,19,0,0,0,0,
305,14,63,2017/05/05 18:05,2017/05/05 19:45,91,0,0,0,0,
306,49,24,2017/05/06 21:50,2017/05/07 07:15,22,1,0,0,0,
307,14,61,2017/05/05 12:15,2017/05/05 13:40,85,0,0,0,0,
308,14,61,2017/05/06 12:15,2017/05/06 13:40,17,0,0,0,0,
309,14,61,2017/05/08 12:15,2017/05/08 13:40,116,0,0,0,0,
310,60,50,2017/05/05 19:20,2017/05/05 21:30,37,0,0,0,0,
311,60,50,2017/05/06 19:20,2017/05/06 21:30,69,1,0,0,1,1501:34&317:38
312,49,14,2017/05/05 18:30,2017/05/05 19:45,106,0,0,0,0,
313,49,14,2017/05/06 18:30,2017/05/06 19:45,93,1,0,0,1,327:86
314,49,14,2017/05/07 18:30,2017/05/07 19:45,7,0,0,0,0,
315,49,14,2017/05/08 18:30,2017/05/08 19:45,6,0,0,0,0,
316,24,49,2017/05/07 09:15,2017/05/07 18:55,22,1,0,0,0,
317,60,50,2017/05/08 19:20,2017/05/08 21:30,55,0,0,0,0,
318,50,60,2017/05/05 08:05,2017/05/05 10:10,123,0,0,0,0,
319,50,60,2017/05/06 08:05,2017/05/06 10:10,53,0,0,0,0,
320,50,60,2017/05/07 08:05,2017/05/07 10:10,122,1,0,0,1,1497:34
321,50,60,2017/05/08 08:05,2017/05/08 10:10,85,0,0,0,0,
322,79,60,2017/05/07 16:40,2017/05/07 18:20,74,0,0,0,0,
323,14,49,2017/05/08 20:45,2017/05/08 22:05,6,0,0,0,0,
324,60,50,2017/05/07 19:20,2017/05/07 21:30,74,0,0,0,1,317:18
325,49,14,2017/05/05 10:00,2017/05/05 11:20,109,0,0,0,0,
326,49,14,2017/05/06 10:00,2017/05/06 11:20,18,0,0,0,0,
327,49,14,2017/05/07 17:55,2017/05/07 19:15,127,0,0,0,0,
328,49,14,2017/05/08 10:00,2017/05/08 11:20,102,0,0,0,0,
329,49,17,2017/05/05 19:55,2017/05/05 23:00,108,0,0,0,0,
330,49,17,2017/05/06 19:55,2017/05/06 23:00,19,1,0,0,1,331:69
331,49,17,2017/05/07 19:55,2017/05/07 23:00,125,0,0,0,0,
332,49,17,2017/05/08 19:55,2017/05/08 23:00,94,0,0,0,0,
333,14,49,2017/05/07 20:45,2017/05/07 22:05,7,0,0,0,0,
334,49,60,2017/05/05 12:10,2017/05/05 14:40,48,0,0,0,0,
335,49,60,2017/05/06 12:10,2017/05/06 14:40,141,0,0,0,0,
336,49,60,2017/05/07 12:10,2017/05/07 14:40,37,1,0,0,1,2118:57&337:17
337,49,60,2017/05/08 12:10,2017/05/08 14:40,134,0,0,0,0,
338,54,78,2017/05/05 11:05,2017/05/05 12:10,101,0,0,0,0,
339,54,78,2017/05/06 11:05,2017/05/06 12:10,117,0,0,0,0,
340,54,78,2017/05/08 11:05,2017/05/08 12:10,104,0,0,0,0,
341,60,78,2017/05/06 21:55,2017/05/06 22:50,141,0,0,0,0,
342,60,78,2017/05/08 21:55,2017/05/08 22:50,18,0,0,0,0,
343,49,1,2017/05/06 21:40,2017/05/07 09:40,20,1,0,0,1,344:1
344,49,1,2017/05/08 21:40,2017/05/09 09:40,22,0,0,0,0,
345,55,77,2017/05/05 15:10,2017/05/05 17:20,64,0,0,0,0,
346,50,54,2017/05/07 08:05,2017/05/07 10:20,136,1,0,0,1,393:6&1537:25
347,49,60,2017/05/05 18:35,2017/05/05 21:10,92,0,0,0,0,
348,49,60,2017/05/07 18:35,2017/05/07 21:10,103,0,0,0,0,
349,76,60,2017/05/05 18:05,2017/05/05 20:05,48,0,0,0,0,
350,76,60,2017/05/07 18:05,2017/05/07 20:05,37,0,0,0,0,
351,55,77,2017/05/07 15:10,2017/05/07 17:20,6,1,0,0,1,352:38
352,55,77,2017/05/08 15:10,2017/05/08 17:20,35,0,0,0,0,
353,54,78,2017/05/07 11:05,2017/05/07 12:10,36,0,0,0,0,
354,60,49,2017/05/05 21:00,2017/05/05 23:25,48,0,0,0,0,
355,60,49,2017/05/07 21:00,2017/05/07 23:25,37,0,0,0,0,
356,77,55,2017/05/07 18:15,2017/05/07 20:40,36,0,0,0,0,
357,60,78,2017/05/05 21:55,2017/05/05 22:50,92,0,0,0,0,
358,60,78,2017/05/07 21:55,2017/05/07 22:50,103,0,0,0,0,
359,55,49,2017/05/07 21:25,2017/05/07 23:35,36,0,0,0,0,
360,78,54,2017/05/07 13:10,2017/05/07 14:20,36,0,0,0,0,
361,54,50,2017/05/07 15:05,2017/05/07 17:15,136,1,0,0,1,372:47&1541:30
362,76,60,2017/05/08 18:05,2017/05/08 20:05,134,0,0,0,0,
363,77,55,2017/05/05 18:10,2017/05/05 20:35,64,0,0,0,0,
364,77,55,2017/05/08 18:10,2017/05/08 20:35,35,0,0,0,0,
365,78,54,2017/05/05 13:10,2017/05/05 14:20,101,0,0,0,0,
366,78,54,2017/05/08 13:10,2017/05/08 14:20,104,0,0,0,0,
367,78,60,2017/05/06 08:45,2017/05/06 09:55,92,0,0,0,0,
368,60,49,2017/05/06 10:50,2017/05/06 13:20,92,0,0,0,0,
369,60,49,2017/05/08 21:00,2017/05/08 23:25,134,0,0,0,0,
370,79,49,2017/05/08 11:55,2017/05/08 15:35,67,0,0,0,0,
371,54,50,2017/05/05 15:05,2017/05/05 17:15,101,0,0,0,0,
372,54,50,2017/05/08 15:05,2017/05/08 17:15,104,0,0,0,0,
373,79,49,2017/05/05 11:55,2017/05/05 15:35,107,0,0,0,0,
374,78,60,2017/05/07 08:45,2017/05/07 09:55,141,0,0,0,0,
375,76,60,2017/05/06 18:05,2017/05/06 20:05,141,0,0,0,0,
376,60,49,2017/05/06 21:00,2017/05/06 23:25,141,1,0,0,1,2111:54
377,79,49,2017/05/07 13:55,2017/05/07 17:35,103,0,0,0,0,
378,60,49,2017/05/07 14:40,2017/05/07 17:10,141,0,0,0,0,
379,49,55,2017/05/05 12:20,2017/05/05 14:25,64,0,0,0,0,
380,49,55,2017/05/07 12:20,2017/05/07 14:25,6,1,0,0,1,381:22
381,49,55,2017/05/08 12:20,2017/05/08 14:25,35,0,0,0,0,
382,79,49,2017/05/06 11:55,2017/05/06 15:35,68,1,0,0,1,377:59
383,78,60,2017/05/05 08:45,2017/05/05 09:55,93,0,0,0,0,
384,78,60,2017/05/08 08:45,2017/05/08 09:55,103,0,0,0,0,
385,23,49,2017/05/08 09:20,2017/05/08 18:55,22,0,0,0,0,
386,23,49,2017/05/05 09:20,2017/05/05 18:55,3,0,0,0,0,
387,78,54,2017/05/06 13:10,2017/05/06 14:20,117,0,0,0,0,
388,54,50,2017/05/06 15:05,2017/05/06 17:15,117,1,0,0,1,1539:113&372:25
389,60,49,2017/05/05 10:50,2017/05/05 13:20,93,0,0,0,0,
390,60,49,2017/05/08 10:50,2017/05/08 13:20,103,0,0,0,0,
391,50,54,2017/05/05 08:05,2017/05/05 10:20,101,0,0,0,0,
392,50,54,2017/05/06 08:05,2017/05/06 10:20,117,0,0,0,0,
393,50,54,2017/05/08 08:05,2017/05/08 10:20,104,0,0,0,0,
394,49,60,2017/05/06 18:35,2017/05/06 21:10,58,1,0,0,1,348:40
395,49,60,2017/05/08 18:35,2017/05/08 21:10,18,0,0,0,0,
396,60,76,2017/05/05 15:25,2017/05/05 17:20,48,0,0,0,0,
397,60,76,2017/05/06 15:25,2017/05/06 17:20,141,0,0,0,0,
398,60,76,2017/05/07 15:25,2017/05/07 17:20,37,0,0,0,0,
399,60,76,2017/05/08 15:25,2017/05/08 17:20,134,0,0,0,0,
400,76,57,2017/05/06 13:20,2017/05/06 15:55,76,0,0,0,0,
401,57,50,2017/05/06 16:55,2017/05/06 18:20,76,1,0,0,1,404:79
402,57,50,2017/05/05 22:30,2017/05/05 23:50,73,0,0,0,0,
403,57,50,2017/05/06 22:30,2017/05/06 23:50,108,1,0,0,1,940:56&429:52&1022:9
404,57,50,2017/05/07 22:30,2017/05/07 23:50,101,0,0,0,0,
405,57,50,2017/05/08 22:30,2017/05/08 23:50,132,0,0,0,0,
406,50,57,2017/05/05 07:50,2017/05/05 09:15,39,0,0,0,0,
407,50,57,2017/05/06 07:50,2017/05/06 09:15,76,0,0,0,0,
408,50,57,2017/05/07 07:50,2017/05/07 09:15,39,1,0,0,1,409:22&413:15
409,50,57,2017/05/08 07:50,2017/05/08 09:15,99,0,0,0,0,
410,50,57,2017/05/05 12:45,2017/05/05 14:10,81,0,0,0,0,
411,50,57,2017/05/06 12:45,2017/05/06 14:10,74,0,0,0,0,
412,50,57,2017/05/07 12:45,2017/05/07 14:10,117,1,0,0,1,409:26&957:22
413,50,57,2017/05/08 12:45,2017/05/08 14:10,111,0,0,0,0,
414,57,76,2017/05/05 10:15,2017/05/05 12:35,39,0,0,0,0,
415,57,76,2017/05/06 10:15,2017/05/06 12:35,76,0,0,0,0,
416,57,76,2017/05/07 10:15,2017/05/07 12:35,108,0,0,0,0,
417,57,76,2017/05/08 10:15,2017/05/08 12:35,99,0,0,0,0,
418,76,57,2017/05/07 13:20,2017/05/07 15:55,121,0,0,0,0,
419,57,79,2017/05/05 15:10,2017/05/05 17:30,81,0,0,0,0,
420,57,79,2017/05/06 15:10,2017/05/06 17:30,74,0,0,0,0,
421,57,79,2017/05/07 15:10,2017/05/07 17:30,64,0,0,0,0,
422,57,79,2017/05/08 15:10,2017/05/08 17:30,111,0,0,0,0,
423,57,50,2017/05/07 16:55,2017/05/07 18:20,121,0,0,0,0,
424,1,49,2017/05/07 16:55,2017/05/08 06:10,20,1,0,0,0,
425,76,57,2017/05/05 13:20,2017/05/05 15:55,39,0,0,0,0,
426,76,57,2017/05/08 13:20,2017/05/08 15:55,99,0,0,0,0,
427,1,49,2017/05/05 16:55,2017/05/06 06:10,21,0,0,0,0,
428,57,50,2017/05/05 16:55,2017/05/05 18:20,39,0,0,0,0,
429,57,50,2017/05/08 16:55,2017/05/08 18:20,99,0,0,0,0,
430,79,57,2017/05/05 19:15,2017/05/05 21:30,73,0,0,0,0,
431,79,57,2017/05/06 19:15,2017/05/06 21:30,108,0,0,0,0,
432,79,57,2017/05/07 19:15,2017/05/07 21:30,101,0,0,0,0,
433,79,57,2017/05/08 19:15,2017/05/08 21:30,132,0,0,0,0,
434,55,49,2017/05/05 21:20,2017/05/05 23:30,64,0,0,0,0,
435,55,49,2017/05/08 21:20,2017/05/08 23:30,35,0,0,0,0,
436,49,56,2017/05/05 07:25,2017/05/05 08:50,7,0,0,0,0,
437,49,56,2017/05/06 07:25,2017/05/06 08:50,128,0,0,0,0,
438,49,56,2017/05/07 07:25,2017/05/07 08:50,142,1,0,0,1,439:84
439,49,56,2017/05/08 07:25,2017/05/08 08:50,122,0,0,0,0,
440,57,77,2017/05/05 19:40,2017/05/05 22:25,132,0,0,0,0,
441,57,77,2017/05/06 19:40,2017/05/06 22:25,18,0,0,0,0,
442,57,77,2017/05/07 21:30,2017/05/08 00:15,54,0,0,0,0,
443,57,77,2017/05/08 19:40,2017/05/08 22:25,56,0,0,0,0,
444,49,79,2017/05/05 12:05,2017/05/05 15:35,37,0,0,0,0,
445,49,79,2017/05/06 12:05,2017/05/06 15:35,69,0,0,0,0,
446,49,79,2017/05/07 12:05,2017/05/07 15:35,135,1,0,0,1,284:41&447:3
447,49,79,2017/05/08 12:05,2017/05/08 15:35,55,0,0,0,0,
448,76,56,2017/05/05 13:15,2017/05/05 16:00,7,0,0,0,0,
449,76,56,2017/05/07 13:15,2017/05/07 16:00,125,0,0,0,0,
450,56,49,2017/05/05 16:45,2017/05/05 18:10,7,0,0,0,0,
451,56,49,2017/05/07 17:40,2017/05/07 19:05,125,0,0,0,0,
452,52,79,2017/05/05 15:40,2017/05/05 18:20,73,0,0,0,0,
453,52,79,2017/05/06 15:40,2017/05/06 18:20,108,0,0,0,0,
454,52,79,2017/05/07 15:40,2017/05/07 18:20,101,0,0,0,0,
455,52,79,2017/05/08 15:40,2017/05/08 18:20,132,0,0,0,0,
456,76,56,2017/05/08 13:15,2017/05/08 16:00,93,0,0,0,0,
457,77,57,2017/05/05 09:05,2017/05/05 11:50,9,0,0,0,0,
458,77,57,2017/05/06 09:05,2017/05/06 11:50,132,0,0,0,0,
459,77,57,2017/05/07 09:05,2017/05/07 11:50,18,0,0,0,0,
460,77,57,2017/05/08 09:05,2017/05/08 11:50,90,0,0,0,0,
461,50,24,2017/05/07 21:45,2017/05/08 07:15,2,0,0,0,0,
462,56,49,2017/05/08 16:45,2017/05/08 18:10,93,0,0,0,0,
463,79,49,2017/05/05 15:25,2017/05/05 19:05,122,0,0,0,0,
464,79,49,2017/05/06 15:25,2017/05/06 18:55,126,1,0,0,1,377:18
465,79,49,2017/05/07 15:25,2017/05/07 19:05,53,0,0,0,0,
466,79,49,2017/05/08 15:25,2017/05/08 18:55,91,0,0,0,0,
467,24,50,2017/05/05 09:15,2017/05/05 19:00,22,0,0,0,0,
468,24,50,2017/05/08 09:15,2017/05/08 19:00,2,0,0,0,0,
469,57,49,2017/05/05 13:00,2017/05/05 14:45,9,0,0,0,0,
470,57,49,2017/05/06 13:00,2017/05/06 14:45,132,1,0,0,1,583:41&1284:45
471,57,49,2017/05/07 17:00,2017/05/07 18:45,18,0,0,0,0,
472,57,49,2017/05/08 13:00,2017/05/08 15:00,90,0,0,0,0,
473,76,56,2017/05/06 13:15,2017/05/06 16:00,121,0,0,0,0,
474,56,49,2017/05/06 16:45,2017/05/06 18:10,121,1,0,0,1,451:56
475,49,52,2017/05/05 13:10,2017/05/05 14:40,73,0,0,0,0,
476,49,52,2017/05/06 13:10,2017/05/06 14:40,108,0,0,0,0,
477,49,52,2017/05/07 13:10,2017/05/07 14:40,63,1,0,0,1,816:82
478,49,52,2017/05/08 13:10,2017/05/08 14:40,132,0,0,0,0,
479,49,36,2017/05/05 20:10,2017/05/05 21:20,122,0,0,0,0,
480,49,36,2017/05/06 20:10,2017/05/06 21:20,126,1,0,0,1,481:6
481,49,36,2017/05/07 20:10,2017/05/07 21:20,53,0,0,0,0,
482,49,36,2017/05/08 20:10,2017/05/08 21:20,91,0,0,0,0,
483,49,57,2017/05/05 16:50,2017/05/05 18:40,132,0,0,0,0,
484,49,57,2017/05/06 15:45,2017/05/06 17:35,18,0,0,0,0,
485,49,57,2017/05/07 18:50,2017/05/07 20:40,54,0,0,0,0,
486,49,57,2017/05/08 16:50,2017/05/08 18:40,56,0,0,0,0,
487,36,49,2017/05/05 09:45,2017/05/05 11:05,37,0,0,0,0,
488,36,49,2017/05/06 09:45,2017/05/06 11:05,69,0,0,0,0,
489,36,49,2017/05/07 09:45,2017/05/07 11:05,135,1,0,0,1,490:18
490,36,49,2017/05/08 09:45,2017/05/08 11:05,55,0,0,0,0,
491,56,76,2017/05/05 09:35,2017/05/05 12:15,7,0,0,0,0,
492,56,76,2017/05/06 09:35,2017/05/06 12:15,128,0,0,0,0,
493,56,76,2017/05/07 09:35,2017/05/07 12:15,121,0,0,0,0,
494,56,76,2017/05/08 09:35,2017/05/08 12:15,122,0,0,0,0,
495,49,25,2017/05/05 21:30,2017/05/06 00:20,77,0,0,0,0,
496,49,25,2017/05/06 21:30,2017/05/07 00:20,91,1,0,0,1,737:84
497,49,25,2017/05/07 21:30,2017/05/08 00:20,58,0,0,0,0,
498,49,25,2017/05/08 21:30,2017/05/09 00:20,71,0,0,0,0,
499,25,49,2017/05/06 18:55,2017/05/06 22:00,10,1,0,0,1,540:21
500,25,49,2017/05/08 18:55,2017/05/08 22:00,17,0,0,0,0,
501,49,64,2017/05/06 12:20,2017/05/06 14:10,50,0,0,0,0,
502,50,25,2017/05/06 12:00,2017/05/06 15:00,22,0,0,0,0,
503,50,25,2017/05/07 12:00,2017/05/07 15:00,25,1,0,0,1,579:86&716:1&741:46
504,52,49,2017/05/05 22:10,2017/05/05 23:40,81,0,0,0,0,
505,52,49,2017/05/08 22:10,2017/05/08 23:40,111,0,0,0,0,
506,57,29,2017/05/05 15:40,2017/05/05 17:20,15,0,0,0,0,
507,57,29,2017/05/07 15:40,2017/05/07 17:20,77,0,0,0,0,
508,57,29,2017/05/08 15:40,2017/05/08 17:20,125,0,0,0,0,
509,29,57,2017/05/05 18:30,2017/05/05 20:10,15,0,0,0,0,
510,29,57,2017/05/07 18:30,2017/05/07 20:10,77,0,0,0,0,
511,29,57,2017/05/08 18:30,2017/05/08 20:10,125,0,0,0,0,
512,64,77,2017/05/06 15:00,2017/05/06 17:20,50,0,0,0,0,
513,79,52,2017/05/07 18:15,2017/05/07 21:05,64,0,0,0,0,
514,52,49,2017/05/07 22:10,2017/05/07 23:40,64,0,0,0,0,
515,50,25,2017/05/05 12:00,2017/05/05 15:00,138,0,0,0,0,
516,50,25,2017/05/08 12:00,2017/05/08 15:00,3,0,0,0,0,
517,79,52,2017/05/06 18:15,2017/05/06 21:05,69,0,0,0,0,
518,77,64,2017/05/06 18:10,2017/05/06 20:50,50,1,0,0,0,
519,25,49,2017/05/05 06:45,2017/05/05 09:55,92,0,0,0,0,
520,25,49,2017/05/06 06:45,2017/05/06 09:55,77,0,0,0,0,
521,25,49,2017/05/07 06:45,2017/05/07 09:55,35,1,0,0,1,575:59
522,25,49,2017/05/08 06:45,2017/05/08 09:55,86,0,0,0,0,
523,52,49,2017/05/06 22:10,2017/05/06 23:40,74,1,0,0,1,796:37&1480:12
524,64,49,2017/05/06 21:35,2017/05/06 23:30,50,1,0,0,0,
525,25,50,2017/05/07 16:20,2017/05/07 19:05,2,0,0,0,0,
526,49,25,2017/05/06 11:00,2017/05/06 13:50,21,0,0,0,0,
527,49,25,2017/05/07 11:00,2017/05/07 13:50,23,1,0,0,1,537:3&561:59&528:30
528,49,25,2017/05/08 11:00,2017/05/08 13:50,25,0,0,0,0,
529,25,50,2017/05/05 16:20,2017/05/05 19:05,138,0,0,0,0,
530,25,50,2017/05/08 16:20,2017/05/08 19:05,3,0,0,0,0,
531,49,63,2017/05/06 15:45,2017/05/06 16:40,107,0,0,0,0,
532,49,25,2017/05/07 18:55,2017/05/07 21:45,28,0,0,0,0,
533,25,50,2017/05/06 16:20,2017/05/06 19:05,25,1,0,0,1,587:75&745:49
534,49,63,2017/05/05 13:35,2017/05/05 14:30,91,0,0,0,0,
535,49,63,2017/05/08 13:35,2017/05/08 14:30,19,0,0,0,0,
536,49,25,2017/05/06 15:00,2017/05/06 17:50,3,0,0,0,0,
537,49,25,2017/05/08 15:00,2017/05/08 17:50,21,0,0,0,0,
538,49,2,2017/05/06 00:10,2017/05/06 12:10,23,0,0,0,0,
539,49,2,2017/05/08 00:10,2017/05/08 12:10,24,0,0,0,0,
540,25,49,2017/05/07 16:10,2017/05/07 19:05,25,0,0,0,0,
541,25,49,2017/05/08 16:10,2017/05/08 19:05,23,0,0,0,0,
542,49,25,2017/05/05 15:00,2017/05/05 17:50,20,0,0,0,0,
543,49,57,2017/05/05 13:00,2017/05/05 14:40,15,0,0,0,0,
544,63,49,2017/05/05 10:00,2017/05/05 10:50,64,0,0,0,0,
545,63,49,2017/05/07 16:50,2017/05/07 17:40,7,0,0,0,0,
546,25,49,2017/05/05 18:55,2017/05/05 22:00,20,0,0,0,0,
547,25,49,2017/05/07 18:55,2017/05/07 22:00,26,0,0,0,0,
548,49,57,2017/05/07 13:00,2017/05/07 14:40,19,1,0,0,1,168:49&549:28
549,49,57,2017/05/08 13:00,2017/05/08 14:40,125,0,0,0,0,
550,25,49,2017/05/06 16:10,2017/05/06 19:05,22,1,0,0,1,557:53
551,79,52,2017/05/05 18:15,2017/05/05 21:05,81,0,0,0,0,
552,79,52,2017/05/08 18:15,2017/05/08 21:05,111,0,0,0,0,
553,63,49,2017/05/06 10:00,2017/05/06 10:50,91,0,0,0,0,
554,25,50,2017/05/06 21:25,2017/05/07 00:10,28,1,0,0,1,729:75
555,25,61,2017/05/07 21:10,2017/05/08 00:10,116,0,0,0,0,
556,49,25,2017/05/07 07:00,2017/05/07 09:50,3,1,0,0,1,737:3&497:65&528:14
557,25,49,2017/05/07 16:00,2017/05/07 19:05,22,0,0,0,0,
558,49,25,2017/05/05 09:00,2017/05/05 11:50,25,0,0,0,0,
559,49,25,2017/05/06 09:00,2017/05/06 11:50,20,0,0,0,0,
560,49,25,2017/05/07 09:00,2017/05/07 11:50,24,1,0,0,1,598:80&528:12
561,49,25,2017/05/08 09:00,2017/05/08 11:50,20,0,0,0,0,
562,25,61,2017/05/08 17:15,2017/05/08 20:15,89,0,0,0,0,
563,25,61,2017/05/05 17:15,2017/05/05 20:15,52,0,0,0,0,
564,25,61,2017/05/06 17:15,2017/05/06 20:15,63,1,0,0,1,2069:55
565,25,49,2017/05/08 10:55,2017/05/08 14:00,21,0,0,0,0,
566,49,27,2017/05/05 08:50,2017/05/05 11:40,14,0,0,0,0,
567,49,27,2017/05/07 08:50,2017/05/07 11:40,14,1,0,0,1,620:44&221:16&1308:59
568,25,49,2017/05/05 10:55,2017/05/05 14:00,20,0,0,0,0,
569,25,49,2017/05/06 10:55,2017/05/06 14:00,28,0,0,0,0,
570,50,25,2017/05/05 07:30,2017/05/05 10:20,29,0,0,0,0,
571,50,25,2017/05/06 07:30,2017/05/06 10:20,27,0,0,0,0,
572,50,25,2017/05/07 07:30,2017/05/07 10:20,2,1,0,0,1,716:74
573,50,25,2017/05/08 07:30,2017/05/08 10:20,28,0,0,0,0,
574,49,27,2017/05/08 08:50,2017/05/08 11:40,115,0,0,0,0,
575,25,49,2017/05/07 16:10,2017/05/07 19:05,21,0,0,0,0,
576,25,49,2017/05/08 13:05,2017/05/08 16:00,20,0,0,0,0,
577,50,25,2017/05/05 16:00,2017/05/05 18:50,29,0,0,0,0,
578,50,25,2017/05/06 16:00,2017/05/06 18:50,26,0,0,0,0,
579,50,25,2017/05/07 17:55,2017/05/07 20:45,3,0,0,0,0,
580,50,25,2017/05/08 16:00,2017/05/08 18:50,28,0,0,0,0,
581,27,49,2017/05/07 20:35,2017/05/07 23:20,94,0,0,0,0,
582,57,49,2017/05/05 21:10,2017/05/05 22:55,15,0,0,0,0,
583,57,49,2017/05/07 21:10,2017/05/07 22:55,77,0,0,0,0,
584,57,49,2017/05/08 21:10,2017/05/08 22:55,125,0,0,0,0,
585,25,50,2017/05/05 11:35,2017/05/05 14:35,29,0,0,0,0,
586,25,50,2017/05/06 11:35,2017/05/06 14:35,27,1,0,0,1,587:37&525:3&743:105
587,25,50,2017/05/07 14:05,2017/05/07 17:05,3,0,0,0,0,
588,25,50,2017/05/08 11:35,2017/05/08 14:35,28,0,0,0,0,
589,27,49,2017/05/05 20:35,2017/05/05 23:20,8,0,0,0,0,
590,2,49,2017/05/08 19:00,2017/05/09 06:10,24,0,0,0,0,
591,2,49,2017/05/07 05:35,2017/05/07 17:10,23,0,0,0,0,
592,61,25,2017/05/05 13:15,2017/05/05 16:15,52,0,0,0,0,
593,61,25,2017/05/06 13:15,2017/05/06 16:15,63,0,0,0,0,
594,61,25,2017/05/07 18:05,2017/05/07 21:05,9,0,0,0,0,
595,61,25,2017/05/08 13:15,2017/05/08 16:15,89,0,0,0,0,
596,49,25,2017/05/05 07:00,2017/05/05 09:50,20,0,0,0,0,
597,49,25,2017/05/06 07:00,2017/05/06 09:50,28,0,0,0,0,
598,49,25,2017/05/08 07:00,2017/05/08 09:50,21,0,0,0,0,
599,25,50,2017/05/07 21:35,2017/05/08 00:20,3,0,0,0,0,
600,25,50,2017/05/05 21:25,2017/05/06 00:10,27,0,0,0,0,
601,25,50,2017/05/08 21:25,2017/05/09 00:10,20,0,0,0,0,
602,41,49,2017/05/05 13:55,2017/05/05 15:45,63,0,0,0,0,
603,41,49,2017/05/07 13:55,2017/05/07 15:45,137,1,0,0,1,1128:55&604:38
604,41,49,2017/05/08 13:55,2017/05/08 15:45,76,0,0,0,0,
605,32,50,2017/05/05 19:50,2017/05/05 21:20,12,0,0,0,0,
606,50,32,2017/05/05 11:45,2017/05/05 13:15,12,0,0,0,0,
607,52,25,2017/05/05 18:00,2017/05/05 20:20,11,0,0,0,0,
608,50,32,2017/05/07 11:45,2017/05/07 13:15,126,1,0,0,1,2327:88&609:10
609,50,32,2017/05/08 11:45,2017/05/08 13:15,98,0,0,0,0,
610,49,8,2017/05/06 08:50,2017/05/06 12:45,35,0,0,0,0,
611,49,8,2017/05/07 08:50,2017/05/07 12:45,64,1,0,0,0,
612,32,25,2017/05/05 18:50,2017/05/05 21:05,84,0,0,0,0,
613,32,25,2017/05/06 18:50,2017/05/06 21:05,84,0,0,0,0,
614,32,25,2017/05/07 19:55,2017/05/07 22:10,108,0,0,0,0,
615,32,25,2017/05/08 18:50,2017/05/08 21:05,38,0,0,0,0,
616,32,30,2017/05/05 14:15,2017/05/05 16:15,12,0,0,0,0,
617,32,30,2017/05/07 14:15,2017/05/07 16:15,47,0,0,0,0,
618,32,30,2017/05/08 14:15,2017/05/08 16:15,98,0,0,0,0,
619,49,27,2017/05/05 16:45,2017/05/05 19:40,63,0,0,0,0,
620,49,27,2017/05/07 19:55,2017/05/07 22:50,52,0,0,0,0,
621,49,27,2017/05/08 16:45,2017/05/08 19:40,76,0,0,0,0,
622,25,32,2017/05/07 22:10,2017/05/08 00:45,9,0,0,0,0,
623,25,32,2017/05/05 22:10,2017/05/06 00:45,84,0,0,0,0,
624,25,32,2017/05/06 22:10,2017/05/07 00:45,84,0,0,0,0,
625,25,32,2017/05/08 22:10,2017/05/09 00:45,38,0,0,0,0,
626,30,32,2017/05/07 17:05,2017/05/07 18:50,47,0,0,0,0,
627,27,49,2017/05/05 07:25,2017/05/05 10:15,63,0,0,0,0,
628,27,49,2017/05/07 07:25,2017/05/07 10:15,137,1,0,0,1,1322:14&263:37
629,27,49,2017/05/08 07:25,2017/05/08 10:15,76,0,0,0,0,
630,36,25,2017/05/05 19:40,2017/05/05 23:05,25,0,0,0,0,
631,36,25,2017/05/06 19:40,2017/05/06 23:05,21,0,0,0,0,
632,36,25,2017/05/07 19:40,2017/05/07 23:05,20,0,0,0,0,
633,36,25,2017/05/08 19:40,2017/05/08 23:05,25,0,0,0,0,
634,32,50,2017/05/07 19:50,2017/05/07 21:20,47,0,0,0,0,
635,52,25,2017/05/06 18:00,2017/05/06 20:20,88,0,0,0,0,
636,52,25,2017/05/07 18:00,2017/05/07 20:20,116,0,0,0,0,
637,52,25,2017/05/08 18:00,2017/05/08 20:20,60,0,0,0,0,
638,30,32,2017/05/08 17:05,2017/05/08 18:50,98,0,0,0,0,
639,49,41,2017/05/05 11:15,2017/05/05 13:05,63,0,0,0,0,
640,49,41,2017/05/07 11:15,2017/05/07 13:05,137,1,0,0,1,1116:46
641,49,41,2017/05/08 11:15,2017/05/08 13:05,76,0,0,0,0,
642,32,50,2017/05/08 19:50,2017/05/08 21:20,98,0,0,0,0,
643,25,36,2017/05/05 15:20,2017/05/05 18:40,25,0,0,0,0,
644,25,36,2017/05/06 15:20,2017/05/06 18:40,21,0,0,0,0,
645,25,36,2017/05/07 15:20,2017/05/07 18:40,20,0,0,0,0,
646,25,36,2017/05/08 15:20,2017/05/08 18:40,25,0,0,0,0,
647,25,49,2017/05/05 14:10,2017/05/05 16:00,23,0,0,0,0,
648,25,49,2017/05/06 13:05,2017/05/06 16:00,20,1,0,0,1,557:58&575:24
649,30,32,2017/05/05 17:05,2017/05/05 18:50,12,0,0,0,0,
650,32,49,2017/05/07 18:35,2017/05/07 20:15,128,0,0,0,0,
651,30,32,2017/05/05 16:00,2017/05/05 17:45,77,0,0,0,0,
652,32,49,2017/05/05 18:35,2017/05/05 20:15,77,0,0,0,0,
653,30,49,2017/05/07 21:05,2017/05/07 23:45,122,0,0,0,0,
654,49,66,2017/05/05 17:35,2017/05/05 19:00,9,0,0,0,0,
655,49,66,2017/05/06 15:55,2017/05/06 17:20,9,0,0,0,0,
656,49,66,2017/05/07 19:30,2017/05/07 20:55,132,0,0,0,0,
657,49,66,2017/05/08 17:35,2017/05/08 19:00,120,0,0,0,0,
658,30,49,2017/05/05 19:25,2017/05/05 22:05,5,0,0,0,0,
659,30,49,2017/05/06 19:25,2017/05/06 22:05,81,1,0,0,1,653:74
660,52,49,2017/05/05 16:05,2017/05/05 17:35,28,0,0,0,0,
661,52,49,2017/05/06 16:05,2017/05/06 17:35,48,1,0,0,1,514:54&1480:4
662,52,49,2017/05/07 16:05,2017/05/07 17:35,100,0,0,0,1,1480:2
663,52,49,2017/05/08 16:05,2017/05/08 17:35,18,0,0,0,0,
664,66,49,2017/05/05 10:35,2017/05/05 12:10,73,0,0,0,0,
665,66,49,2017/05/06 10:35,2017/05/06 12:10,9,0,0,0,0,
666,66,49,2017/05/07 10:35,2017/05/07 12:10,63,1,0,0,1,1256:71&1257:40&667:44
667,66,49,2017/05/08 10:35,2017/05/08 12:10,132,0,0,0,0,
668,49,52,2017/05/05 07:30,2017/05/05 08:55,28,0,0,0,0,
669,49,52,2017/05/06 07:30,2017/05/06 08:55,48,0,0,0,0,
670,49,52,2017/05/07 07:30,2017/05/07 08:55,103,1,0,0,1,816:7&478:56
671,49,52,2017/05/08 07:30,2017/05/08 08:55,18,0,0,0,0,
672,66,25,2017/05/05 20:00,2017/05/05 22:25,9,0,0,0,0,
673,66,25,2017/05/06 20:00,2017/05/06 22:25,9,0,0,0,0,
674,66,25,2017/05/07 21:45,2017/05/08 00:10,132,0,0,0,0,
675,66,25,2017/05/08 20:00,2017/05/08 22:25,120,0,0,0,0,
676,49,32,2017/05/05 09:40,2017/05/05 11:30,77,0,0,0,0,
677,49,32,2017/05/06 09:40,2017/05/06 11:30,106,0,0,0,0,
678,49,32,2017/05/07 09:40,2017/05/07 11:30,67,1,0,0,1,45:57&1749:13
679,49,32,2017/05/08 09:40,2017/05/08 11:30,71,0,0,0,0,
680,25,52,2017/05/05 21:35,2017/05/05 23:45,11,0,0,0,0,
681,25,52,2017/05/06 21:35,2017/05/06 23:45,88,0,0,0,0,
682,25,52,2017/05/07 23:00,2017/05/08 01:10,108,0,0,0,0,
683,25,52,2017/05/08 21:35,2017/05/08 23:45,60,0,0,0,0,
684,52,30,2017/05/05 09:55,2017/05/05 12:05,28,0,0,0,0,
685,52,30,2017/05/06 09:55,2017/05/06 12:05,48,0,0,0,0,
686,52,30,2017/05/07 09:55,2017/05/07 12:05,120,0,0,0,0,
687,52,30,2017/05/08 09:55,2017/05/08 12:05,18,0,0,0,0,
688,8,49,2017/05/06 13:55,2017/05/06 18:05,35,1,0,0,1,689:46
689,8,49,2017/05/07 13:55,2017/05/07 18:05,35,0,0,0,0,
690,32,30,2017/05/05 12:50,2017/05/05 14:50,77,0,0,0,0,
691,32,30,2017/05/06 12:50,2017/05/06 14:50,106,0,0,0,0,
692,32,30,2017/05/07 12:50,2017/05/07 14:50,128,0,0,0,0,
693,32,30,2017/05/08 12:50,2017/05/08 14:50,71,0,0,0,0,
694,25,66,2017/05/06 06:50,2017/05/06 09:25,9,0,0,0,0,
695,25,66,2017/05/07 06:50,2017/05/07 09:25,133,0,0,0,0,
696,25,66,2017/05/08 06:50,2017/05/08 09:25,132,0,0,0,0,
697,30,32,2017/05/06 15:55,2017/05/06 17:45,106,0,0,0,0,
698,30,32,2017/05/08 16:00,2017/05/08 17:45,71,0,0,0,0,
699,49,30,2017/05/05 15:45,2017/05/05 18:35,5,0,0,0,0,
700,49,30,2017/05/06 15:45,2017/05/06 18:35,81,1,0,0,1,701:94
701,49,30,2017/05/07 19:05,2017/05/07 21:55,129,0,0,0,0,
702,30,52,2017/05/05 13:05,2017/05/05 15:05,28,0,0,0,0,
703,30,52,2017/05/06 13:05,2017/05/06 15:05,48,0,0,0,0,
704,30,52,2017/05/07 13:05,2017/05/07 15:05,100,0,0,0,0,
705,30,52,2017/05/08 13:05,2017/05/08 15:05,18,0,0,0,0,
706,30,32,2017/05/07 16:00,2017/05/07 17:45,128,0,0,0,0,
707,32,49,2017/05/06 18:35,2017/05/06 20:15,106,1,0,0,1,23:31
708,32,49,2017/05/08 18:35,2017/05/08 20:15,71,0,0,0,0,
709,25,49,2017/05/06 20:05,2017/05/06 23:15,26,1,0,0,1,540:84
710,50,30,2017/05/05 08:25,2017/05/05 11:00,98,0,0,0,0,
711,50,30,2017/05/06 08:25,2017/05/06 11:00,99,0,0,0,0,
712,50,30,2017/05/07 08:25,2017/05/07 11:00,76,1,0,0,1,713:99
713,50,30,2017/05/08 08:25,2017/05/08 11:00,141,0,0,0,0,
714,50,25,2017/05/05 21:00,2017/05/06 00:05,98,0,0,0,0,
715,50,25,2017/05/06 21:00,2017/05/07 00:05,33,1,0,0,1,579:58
716,50,25,2017/05/07 21:20,2017/05/08 00:25,1,0,0,0,0,
717,50,25,2017/05/08 21:00,2017/05/09 00:05,33,0,0,0,0,
718,62,25,2017/05/05 11:55,2017/05/05 13:05,23,0,0,0,0,
719,62,25,2017/05/06 11:55,2017/05/06 14:10,25,0,0,0,0,
720,62,25,2017/05/07 11:55,2017/05/07 14:10,21,0,0,0,0,
721,62,25,2017/05/08 11:55,2017/05/08 14:10,23,0,0,0,0,
722,30,50,2017/05/05 11:45,2017/05/05 14:20,98,0,0,0,0,
723,30,50,2017/05/07 15:00,2017/05/07 17:35,120,0,0,0,0,
724,30,50,2017/05/08 11:45,2017/05/08 14:20,141,0,0,0,0,
725,25,49,2017/05/05 20:05,2017/05/05 23:15,29,0,0,0,0,
726,25,50,2017/05/05 06:40,2017/05/05 09:40,74,0,0,0,0,
727,25,50,2017/05/06 06:40,2017/05/06 09:40,98,0,0,0,0,
728,25,50,2017/05/07 06:40,2017/05/07 09:40,33,1,0,0,1,729:12&588:22&748:32
729,25,50,2017/05/08 06:40,2017/05/08 09:40,1,0,0,0,0,
730,50,25,2017/05/07 14:30,2017/05/07 17:15,28,1,0,0,1,573:15&741:25&733:11
731,30,50,2017/05/06 11:45,2017/05/06 14:20,71,1,0,0,1,723:70&724:60
732,50,25,2017/05/06 14:30,2017/05/06 17:15,98,1,0,0,1,578:33
733,50,25,2017/05/08 14:30,2017/05/08 17:15,17,0,0,0,0,
734,50,25,2017/05/06 10:00,2017/05/06 12:50,2,0,0,0,0,
735,50,25,2017/05/07 10:00,2017/05/07 12:50,27,1,0,0,1,573:50
736,50,25,2017/05/05 14:30,2017/05/05 17:15,2,0,0,0,0,
737,49,25,2017/05/07 19:00,2017/05/07 22:05,23,0,0,0,0,
738,49,25,2017/05/08 17:00,2017/05/08 20:05,20,0,0,0,0,
739,25,50,2017/05/08 18:55,2017/05/08 21:45,21,0,0,0,0,
740,50,25,2017/05/05 10:00,2017/05/05 12:50,89,0,0,0,0,
741,50,25,2017/05/08 10:00,2017/05/08 12:50,27,0,0,0,0,
742,49,25,2017/05/06 17:00,2017/05/06 20:05,28,1,0,0,1,737:32&532:86
743,25,50,2017/05/07 22:35,2017/05/08 01:25,28,0,0,0,0,
744,49,25,2017/05/05 17:00,2017/05/05 20:05,27,0,0,0,0,
745,25,50,2017/05/07 14:50,2017/05/07 17:40,27,0,0,0,0,
746,25,50,2017/05/06 18:55,2017/05/06 21:45,98,1,0,0,1,525:68
747,25,50,2017/05/05 18:55,2017/05/05 21:45,2,0,0,0,0,
748,25,50,2017/05/08 13:50,2017/05/08 16:40,27,0,0,0,0,
749,61,11,2017/05/05 08:30,2017/05/05 11:00,96,0,0,0,0,
750,61,11,2017/05/08 08:30,2017/05/08 11:00,139,0,0,0,0,
751,25,50,2017/05/05 13:50,2017/05/05 16:40,89,0,0,0,0,
752,25,49,2017/05/08 03:00,2017/05/08 06:10,20,0,0,0,0,
753,25,50,2017/05/06 13:50,2017/05/06 16:40,2,1,0,0,1,525:71&599:139&729:42
754,25,49,2017/05/08 20:05,2017/05/08 23:15,28,0,0,0,0,
755,26,32,2017/05/06 13:25,2017/05/06 15:45,47,0,0,0,0,
756,32,50,2017/05/06 16:40,2017/05/06 18:05,47,1,0,0,1,2328:67&801:68
757,11,49,2017/05/05 21:20,2017/05/05 23:35,90,0,0,0,0,
758,11,49,2017/05/08 21:20,2017/05/08 23:35,90,0,0,0,0,
759,50,32,2017/05/05 07:50,2017/05/05 09:15,141,0,0,0,0,
760,50,32,2017/05/07 07:50,2017/05/07 09:15,134,1,0,0,1,609:2
761,50,32,2017/05/08 07:50,2017/05/08 09:15,121,0,0,0,0,
762,11,49,2017/05/07 21:20,2017/05/07 23:35,124,0,0,0,0,
763,11,49,2017/05/06 21:20,2017/05/06 23:35,103,1,0,0,1,2345:53&758:38
764,49,37,2017/05/05 08:10,2017/05/05 10:20,126,0,0,0,0,
765,49,37,2017/05/06 08:10,2017/05/06 10:20,124,0,0,0,0,
766,49,37,2017/05/07 08:10,2017/05/07 10:20,77,1,0,0,1,207:32
767,49,37,2017/05/08 08:10,2017/05/08 10:20,94,0,0,0,0,
768,52,26,2017/05/05 12:25,2017/05/05 15:05,124,0,0,0,0,
769,52,26,2017/05/06 12:25,2017/05/06 15:05,130,0,0,0,0,
770,32,26,2017/05/05 10:15,2017/05/05 12:40,141,0,0,0,0,
771,32,26,2017/05/07 10:15,2017/05/07 12:40,123,0,0,0,0,
772,32,26,2017/05/08 10:15,2017/05/08 12:40,121,0,0,0,0,
773,52,26,2017/05/07 12:25,2017/05/07 15:05,119,0,0,0,0,
774,52,26,2017/05/08 12:25,2017/05/08 15:05,119,0,0,0,0,
775,49,46,2017/05/05 16:30,2017/05/05 19:15,42,0,0,0,0,
776,49,46,2017/05/06 16:30,2017/05/06 19:15,30,1,0,0,1,777:75
777,49,46,2017/05/07 19:10,2017/05/07 21:55,76,0,0,0,0,
778,49,46,2017/05/08 16:30,2017/05/08 19:15,77,0,0,0,0,
779,50,32,2017/05/06 07:50,2017/05/06 09:15,37,0,0,0,0,
780,37,44,2017/05/05 11:20,2017/05/05 13:10,126,0,0,0,0,
781,37,44,2017/05/06 11:20,2017/05/06 13:10,124,0,0,0,0,
782,37,44,2017/05/07 11:20,2017/05/07 13:10,52,0,0,0,0,
783,37,44,2017/05/08 11:20,2017/05/08 13:10,94,0,0,0,0,
784,26,52,2017/05/05 15:55,2017/05/05 18:20,124,0,0,0,0,
785,26,52,2017/05/07 15:55,2017/05/07 18:20,119,0,0,0,0,
786,26,52,2017/05/08 15:55,2017/05/08 18:20,119,0,0,0,0,
787,32,26,2017/05/06 10:15,2017/05/06 12:40,37,0,0,0,0,
788,25,62,2017/05/05 08:35,2017/05/05 10:55,23,0,0,0,0,
789,25,62,2017/05/06 08:35,2017/05/06 10:55,25,0,0,0,0,
790,25,62,2017/05/07 08:35,2017/05/07 10:55,21,0,0,0,0,
791,26,32,2017/05/07 13:30,2017/05/07 15:50,123,0,0,0,0,
792,46,49,2017/05/06 20:15,2017/05/06 23:05,30,1,0,0,1,906:58&802:46
793,46,49,2017/05/07 20:30,2017/05/07 23:20,42,0,0,0,0,
794,25,62,2017/05/08 08:35,2017/05/08 10:55,23,0,0,0,0,
795,52,49,2017/05/05 19:30,2017/05/05 21:05,124,0,0,0,0,
796,52,49,2017/05/07 19:30,2017/05/07 21:05,119,0,0,0,0,
797,52,49,2017/05/08 19:30,2017/05/08 21:05,119,0,0,0,0,
798,32,50,2017/05/07 16:40,2017/05/07 18:05,123,0,0,0,0,
799,46,49,2017/05/05 20:15,2017/05/05 23:05,42,0,0,0,0,
800,26,32,2017/05/08 13:25,2017/05/08 15:45,124,0,0,0,0,
801,32,50,2017/05/08 16:40,2017/05/08 18:05,124,0,0,0,0,
802,46,49,2017/05/08 20:15,2017/05/08 23:05,77,0,0,0,0,
803,26,52,2017/05/06 15:55,2017/05/06 18:20,130,0,0,0,0,
804,49,11,2017/05/05 17:50,2017/05/05 20:20,90,0,0,0,0,
805,49,11,2017/05/06 17:50,2017/05/06 20:20,103,1,0,0,1,806:29&2340:54
806,49,11,2017/05/07 17:50,2017/05/07 20:20,124,0,0,0,0,
807,49,11,2017/05/08 17:50,2017/05/08 20:20,90,0,0,0,0,
808,11,61,2017/05/05 11:55,2017/05/05 14:25,96,0,0,0,0,
809,11,61,2017/05/08 11:55,2017/05/08 14:25,139,0,0,0,0,
810,52,49,2017/05/06 19:30,2017/05/06 21:05,130,1,0,0,1,1480:71&663:15
811,26,32,2017/05/05 13:25,2017/05/05 15:45,136,0,0,0,0,
812,32,50,2017/05/05 16:40,2017/05/05 18:05,136,0,0,0,0,
813,49,52,2017/05/05 09:50,2017/05/05 11:25,124,0,0,0,0,
814,49,52,2017/05/06 09:50,2017/05/06 11:25,130,0,0,0,0,
815,49,52,2017/05/07 09:50,2017/05/07 11:25,141,1,0,0,1,671:54&1484:13
816,49,52,2017/05/08 09:50,2017/05/08 11:25,119,0,0,0,0,
817,45,37,2017/05/05 17:55,2017/05/05 19:45,35,0,0,0,0,
818,45,37,2017/05/07 17:55,2017/05/07 19:45,115,0,0,0,0,
819,46,43,2017/05/05 11:45,2017/05/05 12:55,94,0,0,0,0,
820,46,43,2017/05/06 11:45,2017/05/06 12:55,135,0,0,0,0,
821,46,43,2017/05/07 11:45,2017/05/07 12:55,135,0,0,0,0,
822,46,43,2017/05/08 11:45,2017/05/08 12:55,63,0,0,0,0,
823,37,49,2017/05/05 20:45,2017/05/05 23:00,35,0,0,0,0,
824,37,49,2017/05/07 20:45,2017/05/07 23:00,115,0,0,0,0,
825,50,20,2017/05/06 17:55,2017/05/06 23:30,12,1,0,0,1,1446:53
826,38,43,2017/05/05 13:55,2017/05/05 16:05,36,0,0,0,0,
827,38,43,2017/05/06 13:55,2017/05/06 16:05,41,0,0,0,0,
828,38,43,2017/05/07 13:55,2017/05/07 16:05,67,0,0,0,0,
829,38,43,2017/05/08 13:55,2017/05/08 16:05,86,0,0,0,0,
830,45,37,2017/05/08 17:55,2017/05/08 19:45,64,0,0,0,0,
831,37,49,2017/05/08 20:45,2017/05/08 23:00,64,0,0,0,0,
832,44,37,2017/05/07 14:00,2017/05/07 15:40,52,0,0,0,0,
833,37,49,2017/05/07 16:50,2017/05/07 19:05,52,0,0,0,0,
834,43,46,2017/05/06 13:40,2017/05/06 14:50,135,0,0,0,0,
835,43,46,2017/05/07 13:40,2017/05/07 14:50,135,0,0,0,0,
836,43,46,2017/05/08 13:40,2017/05/08 14:50,63,0,0,0,0,
837,20,50,2017/05/05 08:25,2017/05/05 13:40,135,0,0,0,0,
838,20,50,2017/05/08 08:25,2017/05/08 13:40,15,0,0,0,0,
839,44,37,2017/05/05 14:00,2017/05/05 15:40,126,0,0,0,0,
840,44,37,2017/05/08 14:00,2017/05/08 15:40,94,0,0,0,0,
841,37,49,2017/05/05 16:50,2017/05/05 19:05,126,0,0,0,0,
842,37,49,2017/05/08 16:50,2017/05/08 19:05,94,0,0,0,0,
843,45,37,2017/05/06 17:55,2017/05/06 19:45,70,0,0,0,0,
844,46,50,2017/05/06 15:50,2017/05/06 18:25,135,1,0,0,1,884:73
845,46,50,2017/05/07 15:50,2017/05/07 18:25,135,0,0,0,0,
846,46,50,2017/05/08 15:50,2017/05/08 18:25,63,0,0,0,0,
847,49,37,2017/05/05 11:35,2017/05/05 13:55,35,0,0,0,0,
848,49,37,2017/05/06 11:35,2017/05/06 13:55,64,1,0,0,1,1360:19&108:63
849,49,37,2017/05/07 11:35,2017/05/07 13:55,54,1,0,0,1,1360:25&767:28
850,49,37,2017/05/08 11:35,2017/05/08 13:55,64,0,0,0,0,
851,37,49,2017/05/06 20:50,2017/05/06 23:00,64,1,0,0,1,1333:55&833:25
852,49,21,2017/05/05 10:35,2017/05/05 14:50,6,0,0,0,0,
853,49,21,2017/05/08 10:35,2017/05/08 14:50,11,0,0,0,0,
854,44,37,2017/05/06 14:00,2017/05/06 15:40,124,0,0,0,0,
855,37,49,2017/05/06 16:50,2017/05/06 19:05,124,1,0,0,1,212:49&1333:2
856,43,46,2017/05/05 13:40,2017/05/05 14:50,94,0,0,0,0,
857,46,50,2017/05/05 15:50,2017/05/05 18:25,94,0,0,0,0,
858,37,45,2017/05/05 14:55,2017/05/05 17:10,35,0,0,0,0,
859,37,45,2017/05/06 14:55,2017/05/06 17:10,70,0,0,0,0,
860,37,45,2017/05/07 14:55,2017/05/07 17:10,115,0,0,0,0,
861,37,45,2017/05/08 14:55,2017/05/08 17:10,64,0,0,0,0,
862,49,38,2017/05/05 11:05,2017/05/05 12:45,36,0,0,0,0,
863,49,38,2017/05/06 11:05,2017/05/06 12:45,41,0,0,0,0,
864,49,38,2017/05/07 11:05,2017/05/07 12:45,35,1,0,0,1,1088:41&935:7
865,49,38,2017/05/08 11:05,2017/05/08 12:45,86,0,0,0,0,
866,49,46,2017/05/05 08:35,2017/05/05 11:25,42,0,0,0,0,
867,50,46,2017/05/05 07:55,2017/05/05 10:40,94,0,0,0,0,
868,50,46,2017/05/06 07:55,2017/05/06 10:40,135,0,0,0,0,
869,50,46,2017/05/07 07:55,2017/05/07 10:40,114,1,0,0,1,910:56&870:22&911:6
870,50,46,2017/05/08 07:55,2017/05/08 10:40,63,0,0,0,0,
871,49,46,2017/05/06 08:35,2017/05/06 11:25,64,0,0,0,0,
872,49,46,2017/05/07 08:35,2017/05/07 11:25,43,1,0,0,1,777:8&873:16&893:30
873,49,46,2017/05/08 08:35,2017/05/08 11:25,49,0,0,0,0,
874,46,49,2017/05/05 12:30,2017/05/05 15:20,42,0,0,0,0,
875,46,49,2017/05/06 12:30,2017/05/06 15:20,103,1,0,0,1,876:36&906:24&793:29&877:24
876,46,49,2017/05/07 14:25,2017/05/07 17:15,43,0,0,0,0,
877,46,49,2017/05/08 12:30,2017/05/08 15:20,49,0,0,0,0,
878,54,49,2017/05/05 20:50,2017/05/05 23:05,134,0,0,0,0,
879,21,49,2017/05/05 15:50,2017/05/05 20:10,6,0,0,0,0,
880,21,49,2017/05/08 15:50,2017/05/08 20:10,11,0,0,0,0,
881,54,49,2017/05/07 20:50,2017/05/07 23:05,49,0,0,0,0,
882,44,38,2017/05/07 13:10,2017/05/07 15:20,41,0,0,0,0,
883,38,50,2017/05/07 16:20,2017/05/07 17:50,41,0,0,0,1,1633:2
884,46,50,2017/05/07 22:30,2017/05/08 01:20,123,0,0,0,0,
885,49,54,2017/05/05 06:55,2017/05/05 09:20,134,0,0,0,0,
886,49,54,2017/05/07 06:55,2017/05/07 09:20,130,1,0,0,0,
887,46,50,2017/05/05 21:15,2017/05/06 00:05,117,0,0,0,0,
888,46,50,2017/05/08 21:15,2017/05/09 00:05,135,0,0,0,0,
889,44,38,2017/05/08 13:10,2017/05/08 15:20,81,0,0,0,0,
890,49,46,2017/05/05 10:20,2017/05/05 13:05,58,0,0,0,0,
891,49,46,2017/05/06 10:20,2017/05/06 13:05,93,0,0,0,0,
892,49,46,2017/05/07 10:20,2017/05/07 13:05,90,1,0,0,1,873:79
893,49,46,2017/05/08 10:20,2017/05/08 13:05,48,0,0,0,0,
894,38,50,2017/05/08 16:20,2017/05/08 17:50,81,0,0,0,0,
895,46,50,2017/05/06 21:15,2017/05/07 00:05,114,1,0,0,1,845:29&884:1&846:32&888:76
896,54,75,2017/05/05 10:15,2017/05/05 14:50,134,0,0,0,0,
897,54,75,2017/05/07 10:15,2017/05/07 14:50,117,0,0,0,0,
898,44,38,2017/05/05 13:10,2017/05/05 15:20,72,0,0,0,0,
899,43,38,2017/05/05 17:00,2017/05/05 19:00,36,0,0,0,0,
900,43,38,2017/05/06 17:00,2017/05/06 19:00,41,0,0,0,0,
901,43,38,2017/05/07 17:00,2017/05/07 19:00,67,0,0,0,0,
902,43,38,2017/05/08 17:00,2017/05/08 19:00,86,0,0,0,0,
903,38,50,2017/05/05 16:20,2017/05/05 17:50,72,0,0,0,0,
904,46,49,2017/05/05 14:10,2017/05/05 16:55,58,0,0,0,0,
905,46,49,2017/05/06 14:10,2017/05/06 16:55,93,1,0,0,1,877:10&907:88
906,46,49,2017/05/07 15:55,2017/05/07 18:40,132,0,0,0,0,
907,46,49,2017/05/08 14:10,2017/05/08 16:55,48,0,0,0,0,
908,50,46,2017/05/05 17:25,2017/05/05 20:10,117,0,0,0,0,
909,50,46,2017/05/06 15:55,2017/05/06 18:40,44,0,0,0,0,
910,50,46,2017/05/07 18:55,2017/05/07 21:40,123,0,0,0,0,
911,50,46,2017/05/08 17:25,2017/05/08 20:10,135,0,0,0,0,
912,75,54,2017/05/05 15:55,2017/05/05 20:05,134,0,0,0,0,
913,75,54,2017/05/07 15:55,2017/05/07 20:05,49,0,0,0,0,
914,38,49,2017/05/05 20:00,2017/05/05 21:35,36,0,0,0,0,
915,38,49,2017/05/06 20:00,2017/05/06 21:35,41,1,0,0,1,983:12&1049:22&965:18
916,38,49,2017/05/07 20:00,2017/05/07 21:35,67,0,0,0,0,
917,38,49,2017/05/08 20:00,2017/05/08 21:35,86,0,0,0,0,
918,38,44,2017/05/05 09:55,2017/05/05 12:10,72,0,0,0,0,
919,38,44,2017/05/07 09:55,2017/05/07 12:10,41,0,0,0,0,
920,38,44,2017/05/08 09:55,2017/05/08 12:10,81,0,0,0,0,
921,50,38,2017/05/05 07:20,2017/05/05 08:55,72,0,0,0,0,
922,50,38,2017/05/07 07:20,2017/05/07 08:55,65,1,0,0,1,82:53
923,50,38,2017/05/08 07:20,2017/05/08 08:55,81,0,0,0,0,
924,75,37,2017/05/08 10:20,2017/05/08 14:00,107,0,0,0,0,
925,37,50,2017/05/08 15:15,2017/05/08 17:15,107,0,0,0,0,
926,50,38,2017/05/05 11:20,2017/05/05 13:00,53,0,0,0,0,
927,50,38,2017/05/06 11:20,2017/05/06 13:00,78,0,0,0,0,
928,50,38,2017/05/07 11:20,2017/05/07 13:00,78,1,0,0,1,923:43
929,50,38,2017/05/08 11:20,2017/05/08 13:00,46,0,0,0,0,
930,75,38,2017/05/05 07:55,2017/05/05 11:45,68,0,0,0,0,
931,38,49,2017/05/05 12:45,2017/05/05 14:15,68,0,0,0,0,
932,75,37,2017/05/06 10:20,2017/05/06 14:00,70,0,0,0,0,
933,49,38,2017/05/05 16:55,2017/05/05 18:50,67,0,0,0,0,
934,49,38,2017/05/06 15:50,2017/05/06 17:35,68,0,0,0,0,
935,49,38,2017/05/07 19:05,2017/05/07 20:50,107,0,0,0,0,
936,49,38,2017/05/08 17:05,2017/05/08 18:50,67,0,0,0,0,
937,44,57,2017/05/07 16:10,2017/05/07 18:30,55,0,0,0,0,
938,44,57,2017/05/05 16:10,2017/05/05 18:30,71,0,0,0,0,
939,44,57,2017/05/08 16:10,2017/05/08 18:30,78,0,0,0,0,
940,57,50,2017/05/07 19:30,2017/05/07 20:55,55,0,0,0,0,
941,37,50,2017/05/06 15:15,2017/05/06 17:15,70,1,0,0,1,2364:22&978:16&2018:25&925:73
942,38,45,2017/05/05 14:00,2017/05/05 16:20,53,0,0,0,0,
943,38,45,2017/05/06 14:00,2017/05/06 16:20,78,0,0,0,0,
944,38,45,2017/05/07 14:00,2017/05/07 16:20,78,0,0,0,0,
945,50,37,2017/05/05 16:00,2017/05/05 18:10,70,0,0,0,0,
946,50,37,2017/05/06 16:00,2017/05/06 18:10,71,0,0,0,0,
947,50,37,2017/05/07 18:00,2017/05/07 20:10,69,0,0,0,0,
948,50,37,2017/05/08 16:00,2017/05/08 18:10,68,0,0,0,0,
949,38,45,2017/05/08 14:00,2017/05/08 16:20,46,0,0,0,0,
950,38,75,2017/05/05 20:05,2017/05/06 00:25,67,0,0,0,0,
951,38,75,2017/05/06 20:05,2017/05/07 00:25,68,0,0,0,0,
952,38,75,2017/05/07 21:40,2017/05/08 02:00,107,0,0,0,0,
953,38,75,2017/05/08 20:05,2017/05/09 00:25,67,0,0,0,0,
954,50,57,2017/05/05 10:30,2017/05/05 11:55,71,0,0,0,0,
955,50,57,2017/05/06 10:30,2017/05/06 11:55,55,0,0,0,0,
956,50,57,2017/05/07 10:30,2017/05/07 11:55,101,1,0,0,1,409:50
957,50,57,2017/05/08 10:30,2017/05/08 11:55,78,0,0,0,0,
958,45,38,2017/05/07 17:05,2017/05/07 19:10,78,0,0,0,0,
959,37,75,2017/05/05 19:10,2017/05/05 23:25,70,0,0,0,0,
960,37,75,2017/05/06 19:10,2017/05/06 23:25,71,0,0,0,0,
961,37,75,2017/05/07 21:00,2017/05/08 01:15,69,0,0,0,0,
962,37,75,2017/05/08 19:10,2017/05/08 23:25,68,0,0,0,0,
963,75,38,2017/05/08 07:55,2017/05/08 11:45,69,0,0,0,0,
964,38,50,2017/05/07 20:10,2017/05/07 21:40,78,0,0,0,0,
965,38,49,2017/05/08 12:45,2017/05/08 14:15,69,0,0,0,0,
966,57,44,2017/05/05 12:55,2017/05/05 15:25,71,0,0,0,0,
967,57,44,2017/05/06 12:55,2017/05/06 15:25,55,0,0,0,0,
968,57,44,2017/05/07 12:55,2017/05/07 15:25,55,0,0,0,0,
969,57,44,2017/05/08 12:55,2017/05/08 15:25,78,0,0,0,0,
970,75,38,2017/05/06 07:55,2017/05/06 11:45,67,0,0,0,0,
971,75,38,2017/05/07 07:55,2017/05/07 11:45,71,0,0,0,0,
972,45,38,2017/05/05 17:05,2017/05/05 19:10,53,0,0,0,0,
973,45,38,2017/05/06 17:05,2017/05/06 19:10,78,0,0,0,0,
974,45,38,2017/05/08 17:05,2017/05/08 19:10,46,0,0,0,0,
975,75,37,2017/05/05 10:20,2017/05/05 14:00,66,0,0,0,0,
976,75,37,2017/05/07 10:20,2017/05/07 14:00,68,0,0,0,0,
977,37,50,2017/05/05 15:15,2017/05/05 17:15,66,0,0,0,0,
978,37,50,2017/05/07 15:15,2017/05/07 17:15,68,0,0,0,0,
979,38,50,2017/05/05 20:10,2017/05/05 21:40,53,0,0,0,0,
980,38,50,2017/05/06 20:10,2017/05/06 21:40,78,1,0,0,1,114:72&1633:2
981,38,50,2017/05/08 20:10,2017/05/08 21:40,46,0,0,0,0,
982,38,49,2017/05/06 12:45,2017/05/06 14:15,67,1,0,0,1,2321:40&1049:12
983,38,49,2017/05/07 16:45,2017/05/07 18:15,71,0,0,0,0,
984,21,49,2017/05/05 09:20,2017/05/05 13:35,19,0,0,0,0,
985,21,49,2017/05/07 09:20,2017/05/07 13:35,115,1,0,0,1,107:37&880:73
986,36,62,2017/05/05 20:35,2017/05/05 22:55,10,0,0,0,0,
987,36,62,2017/05/06 20:35,2017/05/06 22:55,142,0,0,0,0,
988,36,62,2017/05/07 20:35,2017/05/07 22:55,65,0,0,0,0,
989,36,62,2017/05/08 20:35,2017/05/08 22:55,15,0,0,0,0,
990,31,49,2017/05/07 22:00,2017/05/07 23:20,56,0,0,0,0,
991,49,78,2017/05/05 14:35,2017/05/05 17:25,19,0,0,0,0,
992,49,78,2017/05/07 20:00,2017/05/07 22:50,118,0,0,0,0,
993,50,31,2017/05/05 18:05,2017/05/05 19:40,78,0,0,0,0,
994,50,31,2017/05/06 18:05,2017/05/06 19:40,40,1,0,0,1,995:39
995,50,31,2017/05/07 18:05,2017/05/07 19:40,30,0,0,0,0,
996,50,31,2017/05/08 18:05,2017/05/08 19:40,107,0,0,0,0,
997,31,49,2017/05/05 22:00,2017/05/05 23:20,7,0,0,0,0,
998,31,49,2017/05/08 22:00,2017/05/08 23:20,103,0,0,0,0,
999,42,49,2017/05/05 12:20,2017/05/05 14:20,5,0,0,0,0,
1000,42,49,2017/05/06 12:20,2017/05/06 14:20,133,1,0,0,1,1001:64
1001,42,49,2017/05/07 16:15,2017/05/07 18:15,107,0,0,0,0,
1002,42,49,2017/05/08 12:20,2017/05/08 14:20,58,0,0,0,0,
1003,50,31,2017/05/05 11:10,2017/05/05 12:40,26,0,0,0,0,
1004,50,31,2017/05/06 11:10,2017/05/06 12:40,33,0,0,0,0,
1005,50,31,2017/05/07 11:10,2017/05/07 12:40,99,1,0,0,1,995:41&1136:51&1054:54
1006,50,31,2017/05/08 11:10,2017/05/08 12:40,47,0,0,0,0,
1007,31,49,2017/05/06 22:00,2017/05/06 23:20,43,1,0,0,1,1172:51
1008,31,50,2017/05/05 20:45,2017/05/05 22:35,78,0,0,0,0,
1009,31,50,2017/05/07 23:35,2017/05/08 01:25,45,0,0,0,0,
1010,31,50,2017/05/08 20:45,2017/05/08 22:35,107,0,0,0,0,
1011,49,31,2017/05/05 07:00,2017/05/05 08:35,48,0,0,0,0,
1012,49,31,2017/05/06 07:00,2017/05/06 08:35,42,0,0,0,0,
1013,49,31,2017/05/07 07:00,2017/05/07 08:35,41,1,0,0,1,1036:9
1014,49,31,2017/05/08 07:00,2017/05/08 08:35,35,0,0,0,0,
1015,78,49,2017/05/05 13:40,2017/05/05 16:35,13,0,0,0,0,
1016,78,49,2017/05/07 14:50,2017/05/07 17:45,106,0,0,0,0,
1017,31,50,2017/05/05 13:50,2017/05/05 15:40,26,0,0,0,0,
1018,31,50,2017/05/06 13:50,2017/05/06 15:40,44,1,0,0,1,1019:82
1019,31,50,2017/05/07 15:30,2017/05/07 17:20,38,0,0,0,0,
1020,31,50,2017/05/08 13:50,2017/05/08 15:40,47,0,0,0,0,
1021,57,50,2017/05/05 19:30,2017/05/05 20:55,71,0,0,0,0,
1022,57,50,2017/05/08 19:30,2017/05/08 21:00,78,0,0,0,0,
1023,49,21,2017/05/05 17:35,2017/05/05 22:00,13,0,0,0,0,
1024,49,21,2017/05/07 19:05,2017/05/07 23:30,106,0,0,0,0,
1025,31,49,2017/05/05 09:40,2017/05/05 11:10,48,0,0,0,0,
1026,31,49,2017/05/08 09:40,2017/05/08 11:10,35,0,0,0,0,
1027,62,36,2017/05/05 16:55,2017/05/05 19:35,10,0,0,0,0,
1028,62,36,2017/05/06 16:55,2017/05/06 19:35,142,0,0,0,0,
1029,62,36,2017/05/07 16:55,2017/05/07 19:35,65,0,0,0,0,
1030,62,36,2017/05/08 16:55,2017/05/08 19:35,15,0,0,0,0,
1031,44,57,2017/05/06 16:10,2017/05/06 18:30,55,0,0,0,0,
1032,57,50,2017/05/06 19:30,2017/05/06 20:55,55,1,0,0,1,423:47&404:5&429:36
1033,31,49,2017/05/07 09:40,2017/05/07 11:10,41,1,0,0,1,1172:18
1034,49,31,2017/05/05 19:05,2017/05/05 20:30,7,0,0,0,0,
1035,49,31,2017/05/06 19:05,2017/05/06 20:30,43,1,0,0,1,1036:38
1036,49,31,2017/05/07 19:05,2017/05/07 20:30,71,0,0,0,0,
1037,49,31,2017/05/08 19:05,2017/05/08 20:30,103,0,0,0,0,
1038,31,49,2017/05/06 09:40,2017/05/06 11:10,42,0,0,0,0,
1039,49,42,2017/05/05 16:35,2017/05/05 18:45,133,0,0,0,0,
1040,49,42,2017/05/06 15:50,2017/05/06 18:00,109,0,0,0,0,
1041,49,42,2017/05/07 19:15,2017/05/07 21:25,86,0,0,0,0,
1042,49,42,2017/05/08 16:35,2017/05/08 18:45,58,0,0,0,0,
1043,49,31,2017/05/05 11:55,2017/05/05 13:25,54,0,0,0,0,
1044,49,31,2017/05/06 12:00,2017/05/06 13:25,42,0,0,0,0,
1045,49,31,2017/05/07 19:35,2017/05/07 21:05,56,0,0,0,0,
1046,49,31,2017/05/08 12:00,2017/05/08 13:25,7,0,0,0,0,
1047,38,49,2017/05/05 10:45,2017/05/05 12:15,91,0,0,0,0,
1048,38,49,2017/05/06 10:45,2017/05/06 12:15,81,0,0,0,0,
1049,38,49,2017/05/08 10:45,2017/05/08 12:15,41,0,0,0,0,
1050,36,50,2017/05/06 14:10,2017/05/06 15:40,38,1,0,0,1,1091:94&1123:59
1051,50,31,2017/05/05 08:00,2017/05/05 09:35,40,0,0,0,0,
1052,50,31,2017/05/06 08:00,2017/05/06 09:35,44,0,0,0,0,
1053,50,31,2017/05/07 08:00,2017/05/07 09:35,46,1,0,0,1,1136:23
1054,50,31,2017/05/08 08:00,2017/05/08 09:35,33,0,0,0,0,
1055,50,34,2017/05/05 15:05,2017/05/05 17:30,127,0,0,0,0,
1056,50,34,2017/05/06 15:05,2017/05/06 17:30,137,0,0,0,0,
1057,50,34,2017/05/07 15:05,2017/05/07 17:30,4,1,0,0,1,1058:21
1058,50,34,2017/05/08 15:05,2017/05/08 17:30,128,0,0,0,0,
1059,16,49,2017/05/08 17:40,2017/05/08 20:55,127,0,0,0,0,
1060,49,16,2017/05/05 13:50,2017/05/05 17:15,88,0,0,0,0,
1061,49,16,2017/05/07 12:30,2017/05/07 15:45,84,1,0,0,1,247:42&1066:27
1062,16,49,2017/05/06 17:40,2017/05/06 20:55,9,1,0,0,1,229:23&1064:14&239:37&1059:26
1063,31,49,2017/05/07 21:20,2017/05/07 22:45,71,0,0,0,0,
1064,16,49,2017/05/07 16:55,2017/05/07 20:15,58,0,0,0,0,
1065,49,16,2017/05/06 13:15,2017/05/06 16:40,140,0,0,0,0,
1066,49,16,2017/05/08 13:15,2017/05/08 16:40,127,0,0,0,0,
1067,34,50,2017/05/05 18:20,2017/05/05 20:25,127,0,0,0,0,
1068,34,50,2017/05/06 18:20,2017/05/06 20:25,137,1,0,0,1,1069:26&1070:32
1069,34,50,2017/05/07 18:20,2017/05/07 20:25,137,0,0,0,0,
1070,34,50,2017/05/08 18:20,2017/05/08 20:25,128,0,0,0,0,
1071,16,49,2017/05/05 18:35,2017/05/05 21:55,88,0,0,0,0,
1072,31,49,2017/05/05 14:30,2017/05/05 15:55,54,0,0,0,0,
1073,31,49,2017/05/06 14:30,2017/05/06 16:00,42,1,0,0,1,1172:15
1074,31,49,2017/05/08 14:30,2017/05/08 16:00,7,0,0,0,0,
1075,50,36,2017/05/05 07:25,2017/05/05 08:45,37,0,0,0,0,
1076,50,36,2017/05/06 07:25,2017/05/06 08:45,69,0,0,0,0,
1077,50,36,2017/05/07 07:25,2017/05/07 08:45,135,1,0,0,1,1109:17
1078,50,36,2017/05/08 07:25,2017/05/08 08:45,55,0,0,0,0,
1079,31,50,2017/05/05 10:55,2017/05/05 12:35,40,0,0,0,0,
1080,31,50,2017/05/07 16:00,2017/05/07 17:40,33,0,0,0,0,
1081,31,50,2017/05/08 10:55,2017/05/08 12:35,33,0,0,0,0,
1082,50,27,2017/05/05 21:10,2017/05/05 23:45,127,0,0,0,0,
1083,50,27,2017/05/06 15:55,2017/05/06 18:30,104,0,0,0,0,
1084,50,27,2017/05/07 21:10,2017/05/07 23:45,137,0,0,0,0,
1085,50,27,2017/05/08 21:10,2017/05/08 23:45,128,0,0,0,0,
1086,49,38,2017/05/05 08:05,2017/05/05 09:45,91,0,0,0,0,
1087,49,38,2017/05/06 08:05,2017/05/06 09:45,81,0,0,0,0,
1088,49,38,2017/05/08 08:05,2017/05/08 09:45,41,0,0,0,0,
1089,31,50,2017/05/06 10:55,2017/05/06 12:35,44,0,0,0,0,
1090,36,50,2017/05/05 14:10,2017/05/05 15:40,76,0,0,0,0,
1091,36,50,2017/05/07 16:00,2017/05/07 17:30,75,0,0,0,0,
1092,36,50,2017/05/08 14:10,2017/05/08 15:40,73,0,0,0,0,
1093,27,50,2017/05/05 11:45,2017/05/05 14:15,127,0,0,0,0,
1094,27,50,2017/05/06 11:45,2017/05/06 14:15,137,1,0,0,1,1096:87&1961:29
1095,31,50,2017/05/06 20:45,2017/05/06 22:35,40,1,0,0,1,1080:33
1096,27,50,2017/05/07 15:05,2017/05/07 17:35,104,0,0,0,0,
1097,27,50,2017/05/08 11:45,2017/05/08 14:15,128,0,0,0,0,
1098,34,49,2017/05/05 21:05,2017/05/05 23:00,47,0,0,0,0,
1099,34,49,2017/05/06 21:05,2017/05/06 23:00,56,1,0,0,1,1180:65&1181:26
1100,34,49,2017/05/07 21:05,2017/05/07 23:00,134,0,0,0,0,
1101,34,49,2017/05/08 21:05,2017/05/08 23:00,80,0,0,0,0,
1102,34,35,2017/05/05 12:40,2017/05/05 13:55,78,0,0,0,0,
1103,34,35,2017/05/07 12:40,2017/05/07 13:55,30,0,0,0,0,
1104,34,35,2017/05/08 12:40,2017/05/08 13:55,135,0,0,0,0,
1105,31,50,2017/05/08 17:25,2017/05/08 19:10,101,0,0,0,0,
1106,31,50,2017/05/05 17:25,2017/05/05 19:10,98,0,0,0,0,
1107,50,36,2017/05/05 17:30,2017/05/05 18:55,89,0,0,0,0,
1108,50,36,2017/05/06 17:30,2017/05/06 18:55,72,1,0,0,1,1109:26
1109,50,36,2017/05/07 18:00,2017/05/07 19:25,109,0,0,0,0,
1110,50,36,2017/05/08 17:30,2017/05/08 18:55,47,0,0,0,0,
1111,35,50,2017/05/05 14:40,2017/05/05 16:10,78,0,0,0,0,
1112,35,50,2017/05/07 15:45,2017/05/07 17:15,30,0,0,0,0,
1113,35,50,2017/05/08 14:40,2017/05/08 16:10,135,0,0,0,0,
1114,49,41,2017/05/05 07:35,2017/05/05 09:30,43,0,0,0,0,
1115,49,41,2017/05/06 07:35,2017/05/06 09:30,43,0,0,0,0,
1116,49,41,2017/05/08 07:35,2017/05/08 09:30,36,0,0,0,0,
1117,34,35,2017/05/06 12:40,2017/05/06 13:55,114,0,0,0,0,
1118,50,42,2017/05/05 08:10,2017/05/05 10:30,44,0,0,0,0,
1119,50,42,2017/05/06 08:10,2017/05/06 10:30,46,0,0,0,0,
1120,50,42,2017/05/07 08:10,2017/05/07 10:30,70,1,0,0,1,1121:56
1121,50,42,2017/05/08 08:10,2017/05/08 10:30,101,0,0,0,0,
1122,36,50,2017/05/05 22:25,2017/05/06 00:05,122,0,0,0,0,
1123,36,50,2017/05/07 22:25,2017/05/08 00:05,53,0,0,0,0,
1124,36,50,2017/05/08 22:25,2017/05/09 00:05,91,0,0,0,0,
1125,35,50,2017/05/06 14:40,2017/05/06 16:10,114,1,0,0,1,1112:13&1113:60
1126,41,49,2017/05/05 10:20,2017/05/05 12:05,43,0,0,0,0,
1127,41,49,2017/05/06 10:20,2017/05/06 12:05,43,0,0,0,0,
1128,41,49,2017/05/08 10:20,2017/05/08 12:05,36,0,0,0,0,
1129,50,35,2017/05/05 08:15,2017/05/05 09:45,78,0,0,0,0,
1130,50,35,2017/05/06 08:15,2017/05/06 09:45,114,0,0,0,0,
1131,50,35,2017/05/07 08:15,2017/05/07 09:45,45,1,0,0,1,1132:44
1132,50,35,2017/05/08 08:15,2017/05/08 09:45,135,0,0,0,0,
1133,42,50,2017/05/07 14:50,2017/05/07 17:10,109,0,0,0,0,
1134,50,31,2017/05/05 14:55,2017/05/05 16:25,98,0,0,0,0,
1135,50,31,2017/05/06 14:55,2017/05/06 16:25,46,0,0,0,0,
1136,50,31,2017/05/07 18:35,2017/05/07 20:05,104,0,0,0,0,
1137,50,31,2017/05/08 14:55,2017/05/08 16:25,101,0,0,0,0,
1138,42,50,2017/05/06 11:40,2017/05/06 14:00,46,0,0,0,0,
1139,42,50,2017/05/05 11:40,2017/05/05 14:00,44,0,0,0,0,
1140,42,50,2017/05/08 11:40,2017/05/08 14:00,101,0,0,0,0,
1141,35,34,2017/05/05 10:30,2017/05/05 11:50,78,0,0,0,0,
1142,35,34,2017/05/06 10:30,2017/05/06 11:50,114,0,0,0,0,
1143,35,34,2017/05/07 10:30,2017/05/07 11:50,30,0,0,0,0,
1144,35,34,2017/05/08 10:30,2017/05/08 11:50,135,0,0,0,0,
1145,31,50,2017/05/06 17:25,2017/05/06 19:10,46,1,0,0,1,1019:38&1080:16
1146,31,50,2017/05/07 20:55,2017/05/07 22:40,104,0,0,0,0,
1147,49,34,2017/05/05 18:10,2017/05/05 20:20,47,0,0,0,0,
1148,49,34,2017/05/06 18:10,2017/05/06 20:20,56,1,0,0,1,1149:71&1165:53
1149,49,34,2017/05/07 18:10,2017/05/07 20:20,134,0,0,0,0,
1150,49,34,2017/05/08 18:10,2017/05/08 20:20,80,0,0,0,0,
1151,49,31,2017/05/05 15:50,2017/05/05 17:20,50,0,0,0,0,
1152,49,31,2017/05/07 21:15,2017/05/07 22:45,45,0,0,0,0,
1153,49,31,2017/05/08 15:50,2017/05/08 17:20,69,0,0,0,0,
1154,36,50,2017/05/06 22:25,2017/05/07 00:05,126,1,0,0,1,1091:11
1155,72,49,2017/05/05 11:35,2017/05/05 14:20,50,0,0,0,0,
1156,72,49,2017/05/06 11:35,2017/05/06 14:20,94,1,0,0,1,20:53&133:30&1158:17
1157,72,49,2017/05/07 15:10,2017/05/07 17:55,129,0,0,0,0,
1158,72,49,2017/05/08 11:35,2017/05/08 14:20,29,0,0,0,0,
1159,50,16,2017/05/06 12:50,2017/05/06 16:25,57,0,0,0,0,
1160,50,16,2017/05/07 12:50,2017/05/07 16:10,58,1,0,0,1,1161:41&1375:38
1161,50,16,2017/05/08 12:50,2017/05/08 16:25,140,0,0,0,0,
1162,49,34,2017/05/05 11:10,2017/05/05 13:15,130,0,0,0,0,
1163,49,34,2017/05/06 11:10,2017/05/06 13:15,131,0,0,0,0,
1164,49,34,2017/05/07 11:10,2017/05/07 13:15,18,1,0,0,1,1165:30&1150:72
1165,49,34,2017/05/08 11:10,2017/05/08 13:15,4,0,0,0,0,
1166,50,16,2017/05/05 12:50,2017/05/05 16:25,57,0,0,0,0,
1167,36,62,2017/05/05 11:35,2017/05/05 13:55,117,0,0,0,0,
1168,36,62,2017/05/06 11:35,2017/05/06 13:55,65,0,0,0,0,
1169,36,62,2017/05/07 11:35,2017/05/07 13:55,118,0,0,0,0,
1170,36,62,2017/05/08 11:35,2017/05/08 13:55,80,0,0,0,0,
1171,31,49,2017/05/05 18:45,2017/05/05 20:15,50,0,0,0,0,
1172,31,49,2017/05/07 20:30,2017/05/07 22:00,30,0,0,0,0,
1173,31,49,2017/05/08 18:45,2017/05/08 20:15,69,0,0,0,0,
1174,62,36,2017/05/05 09:55,2017/05/05 12:35,69,0,0,0,0,
1175,62,36,2017/05/06 09:55,2017/05/06 12:35,15,0,0,0,0,
1176,62,36,2017/05/07 09:55,2017/05/07 12:35,65,0,0,0,0,
1177,62,36,2017/05/08 09:55,2017/05/08 12:35,92,0,0,0,0,
1178,34,49,2017/05/05 14:00,2017/05/05 16:00,130,0,0,0,0,
1179,34,49,2017/05/06 14:00,2017/05/06 16:00,109,1,0,0,1,1100:90&1181:33
1180,34,49,2017/05/07 15:55,2017/05/07 17:50,131,0,0,0,0,
1181,34,49,2017/05/08 14:00,2017/05/08 16:00,4,0,0,0,0,
1182,9,49,2017/05/08 18:20,2017/05/08 21:40,36,0,0,0,0,
1183,16,50,2017/05/07 17:10,2017/05/07 20:50,140,0,0,0,0,
1184,16,50,2017/05/08 17:25,2017/05/08 20:50,140,0,0,0,0,
1185,9,49,2017/05/06 18:20,2017/05/06 21:40,107,1,0,0,1,1182:68
1186,36,62,2017/05/05 13:35,2017/05/05 16:05,69,0,0,0,0,
1187,36,62,2017/05/06 13:35,2017/05/06 16:05,15,0,0,0,0,
1188,36,62,2017/05/07 13:35,2017/05/07 16:05,65,0,0,0,0,
1189,36,62,2017/05/08 13:35,2017/05/08 16:05,92,0,0,0,0,
1190,16,50,2017/05/05 17:25,2017/05/05 20:50,57,0,0,0,0,
1191,16,50,2017/05/06 17:25,2017/05/06 20:50,57,1,0,0,1,1183:37&1387:43
1192,49,72,2017/05/05 07:35,2017/05/05 10:25,70,0,0,0,0,
1193,49,72,2017/05/06 07:35,2017/05/06 10:25,134,0,0,0,0,
1194,49,72,2017/05/07 07:35,2017/05/07 10:25,131,1,0,0,1,156:70&61:35
1195,49,72,2017/05/08 07:35,2017/05/08 10:25,29,0,0,0,0,
1196,49,9,2017/05/06 13:55,2017/05/06 17:20,81,0,0,0,0,
1197,49,9,2017/05/08 13:55,2017/05/08 17:20,36,0,0,0,0,
1198,62,36,2017/05/05 14:05,2017/05/05 16:30,83,0,0,0,0,
1199,62,36,2017/05/06 14:05,2017/05/06 16:30,73,0,0,0,0,
1200,62,36,2017/05/07 14:05,2017/05/07 16:30,91,0,0,0,0,
1201,62,36,2017/05/08 14:05,2017/05/08 16:30,39,0,0,0,0,
1202,69,67,2017/05/06 14:30,2017/05/06 16:55,45,0,0,0,0,
1203,69,67,2017/05/08 14:30,2017/05/08 16:55,44,0,0,0,0,
1204,49,48,2017/05/05 12:00,2017/05/05 14:40,108,0,0,0,0,
1205,49,48,2017/05/06 12:00,2017/05/06 14:40,54,0,0,0,0,
1206,49,48,2017/05/07 12:00,2017/05/07 14:40,109,1,0,0,1,1247:91
1207,49,48,2017/05/08 12:00,2017/05/08 14:40,43,0,0,0,0,
1208,48,49,2017/05/07 11:50,2017/05/07 14:45,30,1,0,0,1,1209:39&1220:8
1209,48,49,2017/05/08 11:50,2017/05/08 14:45,6,0,0,0,0,
1210,52,46,2017/05/05 15:10,2017/05/05 17:30,17,0,0,0,0,
1211,52,46,2017/05/06 15:10,2017/05/06 17:30,87,0,0,0,0,
1212,52,46,2017/05/07 15:10,2017/05/07 17:30,113,0,0,0,0,
1213,52,46,2017/05/08 15:10,2017/05/08 17:30,87,0,0,0,0,
1214,67,33,2017/05/07 08:05,2017/05/07 09:30,12,0,0,0,0,
1215,33,49,2017/05/07 17:25,2017/05/07 19:05,12,0,0,0,1,1858:14
1216,67,33,2017/05/08 08:05,2017/05/08 09:30,127,0,0,0,0,
1217,48,49,2017/05/05 15:40,2017/05/05 18:25,108,0,0,0,0,
1218,48,49,2017/05/06 15:40,2017/05/06 18:25,54,1,0,0,1,1219:85&1209:49
1219,48,49,2017/05/07 15:40,2017/05/07 18:25,86,0,0,0,0,
1220,48,49,2017/05/08 15:40,2017/05/08 18:25,43,0,0,0,0,
1221,33,49,2017/05/08 10:15,2017/05/08 12:00,127,0,0,0,0,
1222,67,33,2017/05/05 08:05,2017/05/05 09:30,128,0,0,0,0,
1223,67,33,2017/05/06 08:05,2017/05/06 09:30,140,0,0,0,0,
1224,46,52,2017/05/05 14:10,2017/05/05 16:35,87,0,0,0,0,
1225,46,52,2017/05/07 14:10,2017/05/07 16:35,87,0,0,0,0,
1226,46,52,2017/05/08 14:10,2017/05/08 16:35,112,0,0,0,0,
1227,49,68,2017/05/05 14:00,2017/05/05 16:05,41,0,0,0,0,
1228,49,68,2017/05/06 14:00,2017/05/06 16:05,19,0,0,0,0,
1229,49,68,2017/05/07 19:25,2017/05/07 21:30,82,0,0,0,0,
1230,49,68,2017/05/08 14:00,2017/05/08 16:05,75,0,0,0,0,
1231,33,49,2017/05/05 10:15,2017/05/05 11:55,128,0,0,0,0,
1232,33,49,2017/05/06 10:15,2017/05/06 12:00,140,0,0,0,0,
1233,52,22,2017/05/05 18:00,2017/05/05 23:00,87,0,0,0,0,
1234,52,22,2017/05/07 18:00,2017/05/07 23:00,87,0,0,0,0,
1235,52,22,2017/05/08 18:00,2017/05/08 23:00,112,0,0,0,0,
1236,46,52,2017/05/06 14:10,2017/05/06 16:35,113,0,0,0,0,
1237,22,52,2017/05/05 09:20,2017/05/05 14:10,17,0,0,0,0,
1238,22,52,2017/05/06 09:20,2017/05/06 14:10,87,0,0,0,0,
1239,22,52,2017/05/07 09:20,2017/05/07 14:10,113,0,0,0,0,
1240,22,52,2017/05/08 09:20,2017/05/08 14:10,87,0,0,0,0,
1241,49,33,2017/05/05 06:50,2017/05/05 08:40,132,0,0,0,0,
1242,49,33,2017/05/06 06:50,2017/05/06 08:40,5,0,0,0,0,
1243,49,33,2017/05/07 06:50,2017/05/07 08:40,124,1,0,0,1,1854:58&1244:13&1855:15
1244,49,33,2017/05/08 06:50,2017/05/08 08:40,77,0,0,0,0,
1245,52,22,2017/05/06 18:00,2017/05/06 23:00,113,0,0,0,0,
1246,49,48,2017/05/07 08:05,2017/05/07 10:45,30,1,0,0,1,1247:20&1207:32
1247,49,48,2017/05/08 08:05,2017/05/08 10:50,6,0,0,0,0,
1248,50,67,2017/05/07 07:10,2017/05/07 09:50,44,1,0,0,1,36:10&128:23&37:38
1249,67,50,2017/05/06 17:55,2017/05/06 20:20,45,1,0,0,1,52:60&1250:29
1250,67,50,2017/05/08 17:55,2017/05/08 20:20,44,0,0,0,0,
1251,67,69,2017/05/07 10:55,2017/05/07 13:40,45,0,0,0,0,
1252,33,67,2017/05/05 09:25,2017/05/05 10:45,132,0,0,0,0,
1253,33,67,2017/05/06 09:25,2017/05/06 10:45,5,0,0,0,0,
1254,33,67,2017/05/07 09:25,2017/05/07 10:45,10,0,0,0,0,
1255,33,67,2017/05/08 09:25,2017/05/08 10:45,77,0,0,0,0,
1256,66,49,2017/05/07 20:15,2017/05/07 21:45,133,0,0,0,0,
1257,66,49,2017/05/08 09:20,2017/05/08 10:50,134,0,0,0,0,
1258,62,49,2017/05/06 13:15,2017/05/06 15:05,56,1,0,0,1,1300:39
1259,66,49,2017/05/06 09:20,2017/05/06 11:00,54,0,0,0,0,
1260,61,7,2017/05/07 17:55,2017/05/07 19:30,10,0,0,0,0,
1261,68,49,2017/05/07 17:25,2017/05/07 19:30,4,0,0,0,0,
1262,68,49,2017/05/08 16:55,2017/05/08 18:55,75,0,0,0,0,
1263,66,49,2017/05/05 09:20,2017/05/05 10:50,54,0,0,0,0,
1264,68,49,2017/05/05 16:55,2017/05/05 18:55,41,0,0,0,0,
1265,68,49,2017/05/06 16:55,2017/05/06 18:55,19,1,0,0,1,1261:107&30:10
1266,50,62,2017/05/05 08:00,2017/05/05 09:25,81,0,0,0,0,
1267,50,62,2017/05/06 08:00,2017/05/06 09:25,39,0,0,0,0,
1268,50,62,2017/05/07 08:00,2017/05/07 09:25,117,1,0,0,1,1603:36
1269,50,62,2017/05/08 08:00,2017/05/08 09:25,111,0,0,0,0,
1270,50,62,2017/05/05 14:25,2017/05/05 15:50,10,0,0,0,0,
1271,50,62,2017/05/06 14:25,2017/05/06 15:50,142,0,0,0,0,
1272,50,62,2017/05/07 18:40,2017/05/07 20:05,41,0,0,0,0,
1273,50,62,2017/05/08 14:25,2017/05/08 15:50,15,0,0,0,0,
1274,49,68,2017/05/05 08:20,2017/05/05 10:30,133,0,0,0,0,
1275,49,68,2017/05/06 08:20,2017/05/06 10:30,88,0,0,0,0,
1276,49,68,2017/05/07 08:20,2017/05/07 10:30,140,1,0,0,1,67:56&1229:57
1277,49,68,2017/05/08 08:20,2017/05/08 10:30,97,0,0,0,0,
1278,62,50,2017/05/05 10:30,2017/05/05 11:55,81,0,0,0,0,
1279,62,50,2017/05/06 10:30,2017/05/06 11:55,39,0,0,0,0,
1280,62,50,2017/05/07 15:40,2017/05/07 17:05,15,0,0,0,0,
1281,62,50,2017/05/08 10:30,2017/05/08 11:55,111,0,0,0,0,
1282,57,49,2017/05/05 17:45,2017/05/05 19:35,109,0,0,0,0,
1283,57,49,2017/05/06 17:45,2017/05/06 19:35,18,1,0,0,1,185:61&471:24
1284,57,49,2017/05/07 21:30,2017/05/07 23:20,35,0,0,0,0,
1285,57,49,2017/05/08 17:45,2017/05/08 19:35,102,0,0,0,0,
1286,62,50,2017/05/07 20:40,2017/05/07 22:20,68,0,0,0,0,
1287,62,50,2017/05/05 17:10,2017/05/05 18:50,69,0,0,0,0,
1288,62,50,2017/05/06 17:10,2017/05/06 18:50,15,1,0,0,1,1280:10&274:17
1289,62,50,2017/05/08 17:10,2017/05/08 18:50,92,0,0,0,0,
1290,68,49,2017/05/07 11:15,2017/05/07 13:25,102,1,0,0,1,30:24&7:38&1262:25
1291,49,66,2017/05/05 06:50,2017/05/05 08:25,54,0,0,0,0,
1292,49,66,2017/05/06 06:50,2017/05/06 08:25,54,0,0,0,0,
1293,49,66,2017/05/07 06:50,2017/05/07 08:25,107,1,0,0,1,656:52&1294:29&657:71
1294,49,66,2017/05/08 06:50,2017/05/08 08:25,134,0,0,0,0,
1295,49,62,2017/05/05 09:55,2017/05/05 11:45,67,0,0,0,0,
1296,49,62,2017/05/06 09:55,2017/05/06 11:45,56,0,0,0,0,
1297,49,62,2017/05/07 09:55,2017/05/07 11:45,56,1,0,0,1,149:37&232:62
1298,49,62,2017/05/08 09:55,2017/05/08 11:45,56,0,0,0,0,
1299,62,49,2017/05/05 13:15,2017/05/05 15:05,67,0,0,0,0,
1300,62,49,2017/05/07 15:15,2017/05/07 17:05,6,0,0,0,0,
1301,62,49,2017/05/08 13:15,2017/05/08 15:05,56,0,0,0,0,
1302,50,5,2017/05/05 18:20,2017/05/05 19:55,66,0,0,0,0,
1303,5,50,2017/05/05 20:55,2017/05/05 22:25,66,0,0,0,0,
1304,20,49,2017/05/06 09:00,2017/05/06 13:55,118,0,0,0,0,
1305,20,49,2017/05/08 09:00,2017/05/08 14:00,13,0,0,0,0,
1306,49,27,2017/05/05 19:20,2017/05/05 22:15,112,0,0,0,0,
1307,49,27,2017/05/06 19:20,2017/05/06 22:15,97,1,0,0,1,221:78
1308,49,27,2017/05/07 19:20,2017/05/07 22:15,89,0,0,0,0,
1309,49,27,2017/05/08 19:20,2017/05/08 22:15,118,0,0,0,0,
1310,50,22,2017/05/05 10:00,2017/05/05 14:45,115,0,0,0,0,
1311,50,22,2017/05/06 10:00,2017/05/06 14:45,105,0,0,0,0,
1312,50,22,2017/05/07 10:00,2017/05/07 14:45,108,1,0,0,1,1313:113
1313,50,22,2017/05/08 10:00,2017/05/08 14:45,123,0,0,0,0,
1314,49,27,2017/05/06 15:10,2017/05/06 17:55,118,0,0,0,0,
1315,49,27,2017/05/08 15:10,2017/05/08 17:55,13,0,0,0,0,
1316,78,52,2017/05/05 09:45,2017/05/05 11:55,112,0,0,0,0,
1317,78,52,2017/05/06 09:45,2017/05/06 11:55,97,0,0,0,0,
1318,78,52,2017/05/07 09:45,2017/05/07 11:55,89,0,0,0,0,
1319,78,52,2017/05/08 09:45,2017/05/08 11:55,118,0,0,0,0,
1320,27,49,2017/05/05 10:05,2017/05/05 12:55,97,0,0,0,0,
1321,27,49,2017/05/06 10:05,2017/05/06 12:55,89,0,0,0,0,
1322,27,49,2017/05/07 14:25,2017/05/07 17:15,98,0,0,0,0,
1323,27,49,2017/05/08 10:05,2017/05/08 13:00,109,0,0,0,0,
1324,22,50,2017/05/05 17:15,2017/05/05 21:50,104,0,0,0,0,
1325,22,50,2017/05/07 17:15,2017/05/07 21:50,16,0,0,0,0,
1326,22,50,2017/05/06 17:15,2017/05/06 21:50,16,1,0,0,1,1325:69&1327:35
1327,22,50,2017/05/08 17:15,2017/05/08 21:50,105,0,0,0,0,
1328,49,15,2017/05/05 14:00,2017/05/05 15:20,97,0,0,0,0,
1329,49,15,2017/05/06 14:00,2017/05/06 15:20,89,0,0,0,0,
1330,49,15,2017/05/07 14:00,2017/05/07 15:20,118,1,0,0,1,1331:12
1331,49,15,2017/05/08 14:00,2017/05/08 15:20,109,0,0,0,0,
1332,37,49,2017/05/05 14:10,2017/05/05 16:15,118,0,0,0,0,
1333,37,49,2017/05/07 15:20,2017/05/07 17:25,13,0,0,0,0,
1334,27,49,2017/05/08 14:05,2017/05/08 16:55,115,0,0,0,0,
1335,49,20,2017/05/08 17:55,2017/05/08 23:00,115,0,0,0,0,
1336,49,20,2017/05/05 17:40,2017/05/05 23:00,118,0,0,0,0,
1337,49,20,2017/05/07 19:05,2017/05/08 00:25,13,0,0,0,0,
1338,27,49,2017/05/06 14:05,2017/05/06 16:55,111,1,0,0,1,1322:85
1339,7,61,2017/05/07 20:20,2017/05/07 22:00,10,0,0,0,0,
1340,49,20,2017/05/06 17:55,2017/05/06 23:00,111,1,0,0,1,1337:74
1341,15,49,2017/05/05 16:20,2017/05/05 17:40,112,0,0,0,0,
1342,15,49,2017/05/06 16:20,2017/05/06 17:40,97,1,0,0,1,1343:38&1344:8
1343,15,49,2017/05/07 16:20,2017/05/07 17:40,89,0,0,0,0,
1344,15,49,2017/05/08 16:20,2017/05/08 17:40,118,0,0,0,0,
1345,52,78,2017/05/08 19:25,2017/05/08 21:30,109,0,0,0,0,
1346,16,50,2017/05/06 21:15,2017/05/07 00:35,122,1,0,0,1,1387:7&1184:42&1389:20
1347,49,22,2017/05/06 17:50,2017/05/06 22:10,8,1,0,0,1,265:58
1348,49,22,2017/05/08 17:50,2017/05/08 22:10,8,0,0,0,0,
1349,21,50,2017/05/05 08:00,2017/05/05 12:40,110,0,0,0,0,
1350,50,7,2017/05/06 09:00,2017/05/06 10:25,104,0,0,0,0,
1351,50,7,2017/05/08 09:00,2017/05/08 10:25,16,0,0,0,0,
1352,20,49,2017/05/05 09:00,2017/05/05 13:55,16,0,0,0,0,
1353,20,49,2017/05/07 09:00,2017/05/07 13:55,12,1,0,0,1,1305:63
1354,50,21,2017/05/05 19:15,2017/05/05 23:30,116,0,0,0,0,
1355,50,21,2017/05/07 19:15,2017/05/07 23:30,130,0,0,0,0,
1356,50,21,2017/05/08 19:15,2017/05/08 23:30,110,0,0,0,0,
1357,22,49,2017/05/06 08:55,2017/05/06 13:15,14,0,0,0,0,
1358,22,49,2017/05/08 08:55,2017/05/08 13:15,96,0,0,0,0,
1359,49,37,2017/05/05 15:10,2017/05/05 17:30,16,0,0,0,0,
1360,49,37,2017/05/07 19:55,2017/05/07 22:15,12,0,0,0,0,
1361,49,78,2017/05/06 14:15,2017/05/06 17:15,14,0,0,0,0,
1362,49,78,2017/05/08 14:15,2017/05/08 17:15,96,0,0,0,0,
1363,52,15,2017/05/05 12:55,2017/05/05 15:10,112,0,0,0,0,
1364,52,15,2017/05/06 12:55,2017/05/06 15:10,97,0,0,0,0,
1365,52,15,2017/05/07 12:55,2017/05/07 15:10,89,0,0,0,0,
1366,52,15,2017/05/08 12:55,2017/05/08 15:10,118,0,0,0,0,
1367,49,10,2017/05/05 15:55,2017/05/05 18:45,68,0,0,0,0,
1368,49,10,2017/05/06 15:55,2017/05/06 18:45,92,0,0,0,0,
1369,49,10,2017/05/07 15:55,2017/05/07 18:45,71,1,0,0,1,1370:40
1370,49,10,2017/05/08 15:55,2017/05/08 18:45,131,0,0,0,0,
1371,50,21,2017/05/06 19:15,2017/05/06 23:30,110,1,0,0,1,1355:58
1372,50,16,2017/05/05 14:50,2017/05/05 18:25,135,0,0,0,0,
1373,50,16,2017/05/06 16:40,2017/05/06 20:15,122,1,0,0,1,1374:24&1161:30
1374,50,16,2017/05/07 18:10,2017/05/07 21:45,5,0,0,0,0,
1375,50,16,2017/05/08 16:40,2017/05/08 20:15,141,0,0,0,0,
1376,21,50,2017/05/06 08:00,2017/05/06 12:40,116,0,0,0,0,
1377,21,50,2017/05/07 08:00,2017/05/07 12:40,110,1,0,0,1,1378:86
1378,21,50,2017/05/08 08:00,2017/05/08 12:40,130,0,0,0,0,
1379,15,52,2017/05/05 16:15,2017/05/05 18:25,97,0,0,0,0,
1380,15,52,2017/05/06 16:15,2017/05/06 18:25,89,0,0,0,0,
1381,15,52,2017/05/07 16:15,2017/05/07 18:25,97,0,0,0,0,
1382,15,52,2017/05/08 16:15,2017/05/08 18:25,109,0,0,0,0,
1383,10,49,2017/05/06 19:45,2017/05/06 22:40,67,1,0,0,1,1384:18
1384,10,49,2017/05/07 19:45,2017/05/07 22:40,92,0,0,0,0,
1385,10,49,2017/05/05 19:45,2017/05/05 22:40,68,0,0,0,0,
1386,10,49,2017/05/08 19:45,2017/05/08 22:40,131,0,0,0,0,
1387,16,50,2017/05/07 22:35,2017/05/08 02:15,5,0,0,0,0,
1388,16,50,2017/05/05 19:35,2017/05/05 23:15,135,0,0,0,0,
1389,16,50,2017/05/08 21:15,2017/05/09 00:35,141,0,0,0,0,
1390,52,78,2017/05/05 19:25,2017/05/05 21:30,97,0,0,0,0,
1391,52,78,2017/05/06 19:25,2017/05/06 21:30,89,0,0,0,0,
1392,52,78,2017/05/07 19:25,2017/05/07 21:30,97,0,0,0,0,
1393,78,49,2017/05/06 13:25,2017/05/06 16:25,8,1,0,0,1,1016:39
1394,78,49,2017/05/08 13:25,2017/05/08 16:25,8,0,0,0,0,
1395,6,50,2017/05/06 20:45,2017/05/06 22:10,38,1,0,0,1,1396:27&1399:15
1396,6,50,2017/05/07 20:45,2017/05/07 22:10,141,0,0,0,0,
1397,7,32,2017/05/07 20:30,2017/05/07 23:00,38,0,0,0,0,
1398,6,50,2017/05/05 20:45,2017/05/05 22:10,101,0,0,0,0,
1399,6,50,2017/05/08 20:45,2017/05/08 22:10,65,0,0,0,0,
1400,49,18,2017/05/05 18:10,2017/05/05 23:20,18,0,0,0,0,
1401,49,18,2017/05/06 18:10,2017/05/06 23:20,7,1,0,0,1,1402:54&1403:20
1402,49,18,2017/05/07 18:10,2017/05/07 23:20,6,0,0,0,0,
1403,49,18,2017/05/08 18:10,2017/05/08 23:20,7,0,0,0,0,
1404,49,6,2017/05/05 16:50,2017/05/05 18:45,107,0,0,0,0,
1405,49,6,2017/05/06 17:10,2017/05/06 18:45,36,1,0,0,1,1406:79&1407:15
1406,49,6,2017/05/07 18:00,2017/05/07 19:55,141,0,0,0,0,
1407,49,6,2017/05/08 16:50,2017/05/08 18:45,49,0,0,0,0,
1408,52,7,2017/05/05 09:10,2017/05/05 11:00,75,0,0,0,0,
1409,7,52,2017/05/05 12:00,2017/05/05 13:50,75,0,0,0,0,
1410,49,7,2017/05/06 08:45,2017/05/06 10:25,107,0,0,0,0,
1411,49,7,2017/05/08 08:45,2017/05/08 10:25,75,0,0,0,0,
1412,6,49,2017/05/06 19:45,2017/05/06 21:25,36,1,0,0,1,1413:22&1414:18
1413,6,49,2017/05/07 20:35,2017/05/07 22:15,120,0,0,0,0,
1414,6,49,2017/05/08 19:45,2017/05/08 21:25,49,0,0,0,0,
1415,49,7,2017/05/05 08:45,2017/05/05 10:25,59,0,0,0,0,
1416,49,7,2017/05/07 18:05,2017/05/07 19:45,98,0,0,0,1,1411:1
1417,18,49,2017/05/05 00:30,2017/05/05 06:10,108,0,0,0,0,
1418,18,49,2017/05/06 00:30,2017/05/06 06:10,18,0,0,0,0,
1419,18,49,2017/05/08 00:30,2017/05/08 06:10,6,0,0,0,0,
1420,18,49,2017/05/07 00:30,2017/05/07 06:10,7,1,0,0,1,1419:10
1421,6,49,2017/05/05 19:45,2017/05/05 21:25,107,0,0,0,0,
1422,7,49,2017/05/06 11:25,2017/05/06 12:50,107,0,0,0,0,
1423,7,49,2017/05/07 21:20,2017/05/07 22:45,8,0,0,0,0,
1424,7,49,2017/05/08 11:25,2017/05/08 13:00,75,0,0,0,0,
1425,50,7,2017/05/05 09:00,2017/05/05 10:25,10,0,0,0,0,
1426,50,7,2017/05/07 18:15,2017/05/07 19:40,38,0,0,0,0,
1427,50,6,2017/05/05 18:25,2017/05/05 19:45,101,0,0,0,0,
1428,50,6,2017/05/07 18:25,2017/05/07 19:45,120,0,0,0,0,
1429,50,6,2017/05/08 18:25,2017/05/08 19:45,65,0,0,0,0,
1430,7,49,2017/05/05 11:25,2017/05/05 12:50,59,0,0,0,0,
1431,7,50,2017/05/05 11:25,2017/05/05 13:10,10,0,0,0,0,
1432,7,50,2017/05/06 11:25,2017/05/06 13:10,104,0,0,0,0,
1433,7,50,2017/05/07 20:35,2017/05/07 22:20,98,0,0,0,0,
1434,7,50,2017/05/08 11:25,2017/05/08 13:10,16,0,0,0,0,
1435,50,6,2017/05/06 18:25,2017/05/06 19:45,38,1,0,0,1,1428:36&1429:5
1436,32,7,2017/05/07 18:00,2017/05/07 20:30,8,0,0,0,0,
1437,25,66,2017/05/05 06:50,2017/05/05 09:25,73,0,0,0,0,
1438,50,8,2017/05/06 09:20,2017/05/06 12:40,80,0,0,0,0,
1439,50,8,2017/05/07 09:20,2017/05/07 12:40,55,1,0,0,1,1441:16
1440,50,8,2017/05/05 09:20,2017/05/05 12:40,80,0,0,0,0,
1441,50,8,2017/05/08 09:20,2017/05/08 12:40,53,0,0,0,0,
1442,8,50,2017/05/05 13:55,2017/05/05 17:45,80,0,0,0,0,
1443,8,50,2017/05/07 13:55,2017/05/07 17:45,80,0,0,0,0,
1444,8,50,2017/05/08 13:55,2017/05/08 17:45,53,0,0,0,0,
1445,8,50,2017/05/06 13:55,2017/05/06 17:45,80,1,0,0,1,1443:53&1444:40
1446,50,20,2017/05/07 17:55,2017/05/07 23:30,15,0,0,0,0,
1447,20,50,2017/05/07 08:25,2017/05/07 13:40,111,1,0,0,1,838:88
1448,61,11,2017/05/07 13:40,2017/05/07 16:10,87,1,0,0,1,750:88
1449,61,11,2017/05/06 13:40,2017/05/06 16:10,85,0,0,0,0,
1450,11,61,2017/05/06 17:10,2017/05/06 19:30,85,1,0,0,1,1451:35&809:56
1451,11,61,2017/05/07 17:10,2017/05/07 19:30,85,0,0,0,0,
1452,50,3,2017/05/06 09:15,2017/05/06 23:55,138,0,0,0,0,
1453,50,3,2017/05/08 09:15,2017/05/08 23:55,138,0,0,0,0,
1454,3,50,2017/05/07 01:55,2017/05/07 17:25,138,0,0,0,0,
1455,15,61,2017/05/05 17:40,2017/05/05 19:05,85,0,0,0,0,
1456,15,61,2017/05/08 17:40,2017/05/08 19:05,116,0,0,0,0,
1457,15,61,2017/05/06 17:40,2017/05/06 19:05,17,1,0,0,1,1458:51
1458,15,61,2017/05/07 17:40,2017/05/07 19:05,17,0,0,0,0,
1459,61,15,2017/05/05 15:00,2017/05/05 16:35,85,0,0,0,0,
1460,61,15,2017/05/06 15:00,2017/05/06 16:35,17,0,0,0,0,
1461,61,15,2017/05/07 17:55,2017/05/07 19:30,46,0,0,0,0,
1462,61,15,2017/05/08 15:00,2017/05/08 16:35,116,0,0,0,0,
1463,49,12,2017/05/07 08:50,2017/05/07 11:40,106,1,0,0,0,
1464,12,49,2017/05/07 14:35,2017/05/07 17:25,95,0,0,0,0,
1465,13,49,2017/05/08 03:10,2017/05/08 06:10,18,0,0,0,0,
1466,50,19,2017/05/06 14:10,2017/05/06 17:35,104,1,0,0,1,1467:46
1467,50,19,2017/05/08 14:10,2017/05/08 17:35,16,0,0,0,0,
1468,19,50,2017/05/06 18:35,2017/05/06 22:00,104,1,0,0,1,1470:70
1469,49,13,2017/05/07 19:35,2017/05/07 22:55,18,0,0,0,0,
1470,19,50,2017/05/08 18:35,2017/05/08 22:00,16,0,0,0,0,
1471,78,50,2017/05/06 08:40,2017/05/06 11:45,57,0,0,0,0,
1472,78,50,2017/05/08 08:40,2017/05/08 11:45,140,0,0,0,0,
1473,78,50,2017/05/07 08:40,2017/05/07 11:45,58,1,0,0,1,1472:66
1474,78,50,2017/05/05 08:40,2017/05/05 11:45,57,0,0,0,0,
1475,21,49,2017/05/06 15:50,2017/05/06 20:10,11,1,0,0,1,1476:72&107:7
1476,21,49,2017/05/07 15:50,2017/05/07 20:10,11,0,0,0,0,
1477,52,49,2017/05/05 08:05,2017/05/05 09:35,6,0,0,0,0,
1478,52,49,2017/05/06 08:05,2017/05/06 09:35,11,0,0,0,0,
1479,52,49,2017/05/07 08:05,2017/05/07 09:35,11,1,0,0,1,663:47
1480,52,49,2017/05/08 08:05,2017/05/08 09:35,11,0,0,0,0,
1481,49,52,2017/05/05 21:10,2017/05/05 22:40,6,0,0,0,0,
1482,49,52,2017/05/06 21:10,2017/05/06 22:40,11,1,0,0,1,1483:62&671:25&816:6
1483,49,52,2017/05/07 21:10,2017/05/07 22:40,11,0,0,0,0,
1484,49,52,2017/05/08 21:10,2017/05/08 22:40,11,0,0,0,0,
1485,49,21,2017/05/06 10:35,2017/05/06 14:50,11,0,0,0,0,
1486,49,21,2017/05/07 10:35,2017/05/07 14:50,11,1,0,0,1,1024:30&853:16
1487,50,78,2017/05/05 21:50,2017/05/06 00:15,57,0,0,0,0,
1488,50,78,2017/05/06 21:50,2017/05/07 00:15,57,1,0,0,1,1490:67
1489,50,78,2017/05/08 21:50,2017/05/09 00:15,140,0,0,0,0,
1490,50,78,2017/05/07 21:50,2017/05/08 00:15,140,0,0,0,0,
1491,61,12,2017/05/05 11:30,2017/05/05 14:15,86,0,0,0,0,
1492,61,12,2017/05/08 11:30,2017/05/08 14:15,142,0,0,0,0,
1493,12,61,2017/05/08 15:15,2017/05/08 18:00,142,0,0,0,0,
1494,12,61,2017/05/05 15:15,2017/05/05 18:00,86,0,0,0,0,
1495,50,60,2017/05/05 14:05,2017/05/05 16:10,110,0,0,0,0,
1496,50,60,2017/05/06 14:05,2017/05/06 16:10,116,0,0,0,0,
1497,50,60,2017/05/07 17:50,2017/05/07 19:55,136,0,0,0,0,
1498,50,60,2017/05/08 14:05,2017/05/08 16:10,130,0,0,0,0,
1499,60,50,2017/05/05 16:05,2017/05/05 18:10,116,0,0,0,0,
1500,60,50,2017/05/06 16:05,2017/05/06 18:10,110,1,0,0,1,1501:21&1502:96
1501,60,50,2017/05/07 16:05,2017/05/07 18:10,130,0,0,0,0,
1502,60,50,2017/05/08 16:05,2017/05/08 18:10,110,0,0,0,0,
1503,50,12,2017/05/06 09:00,2017/05/06 12:00,95,0,0,0,0,
1504,12,50,2017/05/06 13:00,2017/05/06 15:50,95,1,0,0,0,
1505,9,50,2017/05/07 18:25,2017/05/07 21:25,81,0,0,0,0,
1506,9,50,2017/05/05 18:25,2017/05/05 21:25,55,0,0,0,0,
1507,33,50,2017/05/05 21:55,2017/05/05 23:45,80,0,0,0,0,
1508,33,50,2017/05/07 21:55,2017/05/07 23:45,135,0,0,0,0,
1509,50,9,2017/05/05 14:35,2017/05/05 17:25,55,0,0,0,0,
1510,50,9,2017/05/07 14:35,2017/05/07 17:25,111,1,0,0,0,
1511,50,33,2017/05/05 19:20,2017/05/05 21:10,80,0,0,0,0,
1512,50,33,2017/05/07 19:20,2017/05/07 21:10,135,0,0,0,0,
1513,15,50,2017/05/07 20:20,2017/05/07 21:55,46,0,0,0,0,
1514,15,50,2017/05/05 17:50,2017/05/05 19:25,46,0,0,0,0,
1515,50,15,2017/05/05 15:10,2017/05/05 16:50,46,0,0,0,0,
1516,50,15,2017/05/07 15:10,2017/05/07 16:50,46,1,0,0,0,
1517,60,52,2017/05/05 21:30,2017/05/05 23:25,119,0,0,0,0,
1518,60,52,2017/05/06 21:30,2017/05/06 23:25,83,0,0,0,0,
1519,60,52,2017/05/07 21:30,2017/05/07 23:25,73,0,0,0,0,
1520,60,52,2017/05/08 21:30,2017/05/08 23:25,9,0,0,0,0,
1521,52,60,2017/05/05 08:00,2017/05/05 09:50,140,0,0,0,0,
1522,52,60,2017/05/06 08:00,2017/05/06 09:50,62,0,0,0,0,
1523,52,60,2017/05/07 08:00,2017/05/07 09:50,102,0,0,0,0,
1524,52,60,2017/05/08 08:00,2017/05/08 09:50,82,0,0,0,0,
1525,60,77,2017/05/05 10:40,2017/05/05 12:50,140,0,0,0,0,
1526,60,77,2017/05/06 10:40,2017/05/06 12:40,62,0,0,0,0,
1527,60,77,2017/05/07 10:40,2017/05/07 12:50,102,0,0,0,0,
1528,60,77,2017/05/08 10:40,2017/05/08 12:40,82,0,0,0,0,
1529,77,60,2017/05/05 18:40,2017/05/05 20:40,119,0,0,0,0,
1530,77,60,2017/05/06 18:40,2017/05/06 20:40,83,0,0,0,0,
1531,77,60,2017/05/07 18:40,2017/05/07 20:40,73,0,0,0,0,
1532,77,60,2017/05/08 18:40,2017/05/08 20:40,9,0,0,0,0,
1533,77,54,2017/05/05 18:00,2017/05/05 20:25,114,0,0,0,0,
1534,77,54,2017/05/07 18:00,2017/05/07 20:25,70,0,0,0,0,
1535,50,54,2017/05/05 11:40,2017/05/05 13:55,114,0,0,0,0,
1536,50,54,2017/05/07 11:40,2017/05/07 13:55,95,1,0,0,1,393:55
1537,50,54,2017/05/08 11:40,2017/05/08 13:55,70,0,0,0,0,
1538,54,50,2017/05/05 21:20,2017/05/05 23:25,114,0,0,0,0,
1539,54,50,2017/05/07 21:20,2017/05/07 23:25,70,0,0,0,0,
1540,77,54,2017/05/08 18:00,2017/05/08 20:25,70,0,0,0,0,
1541,54,50,2017/05/08 21:20,2017/05/08 23:25,70,0,0,0,0,
1542,54,77,2017/05/05 15:00,2017/05/05 17:15,114,0,0,0,0,
1543,54,77,2017/05/07 15:10,2017/05/07 17:25,36,0,0,0,0,
1544,54,77,2017/05/08 15:00,2017/05/08 17:15,70,0,0,0,0,
1545,58,78,2017/05/06 10:45,2017/05/06 12:35,8,0,0,0,0,
1546,58,78,2017/05/08 10:45,2017/05/08 12:35,8,0,0,0,0,
1547,49,58,2017/05/05 08:15,2017/05/05 09:55,13,0,0,0,0,
1548,49,58,2017/05/07 08:15,2017/05/07 09:55,93,1,0,0,1,1559:47
1549,58,78,2017/05/05 10:45,2017/05/05 12:35,13,0,0,0,0,
1550,58,78,2017/05/07 10:45,2017/05/07 12:35,14,0,0,0,0,
1551,78,58,2017/05/06 18:45,2017/05/06 20:35,14,0,0,0,0,
1552,78,58,2017/05/08 18:45,2017/05/08 20:35,96,0,0,0,0,
1553,58,49,2017/05/06 21:20,2017/05/06 22:55,14,1,0,0,1,1556:77&1554:19
1554,58,49,2017/05/08 21:20,2017/05/08 22:55,96,0,0,0,0,
1555,78,58,2017/05/07 22:20,2017/05/08 00:10,97,0,0,0,0,
1556,58,49,2017/05/08 04:35,2017/05/08 06:10,97,0,0,0,0,
1557,78,58,2017/05/05 18:45,2017/05/05 20:35,19,0,0,0,0,
1558,49,58,2017/05/06 08:15,2017/05/06 09:55,8,0,0,0,0,
1559,49,58,2017/05/08 08:15,2017/05/08 09:55,8,0,0,0,0,
1560,58,49,2017/05/05 21:20,2017/05/05 22:55,19,0,0,0,0,
1561,63,25,2017/05/05 21:50,2017/05/06 00:15,91,0,0,0,0,
1562,63,25,2017/05/07 01:40,2017/05/07 04:05,107,0,0,0,0,
1563,63,25,2017/05/08 21:50,2017/05/09 00:15,19,0,0,0,0,
1564,25,63,2017/05/05 06:35,2017/05/05 09:05,64,0,0,0,0,
1565,25,63,2017/05/06 06:25,2017/05/06 08:55,91,0,0,0,0,
1566,25,63,2017/05/07 06:25,2017/05/07 08:55,7,0,0,0,0,
1567,49,53,2017/05/05 07:55,2017/05/05 09:35,41,0,0,0,0,
1568,49,53,2017/05/07 07:55,2017/05/07 09:35,42,1,0,0,1,1569:2
1569,49,53,2017/05/08 07:55,2017/05/08 09:35,42,0,0,0,0,
1570,53,49,2017/05/07 10:35,2017/05/07 12:00,42,1,0,0,1,1572:51
1571,53,49,2017/05/05 10:35,2017/05/05 12:00,41,0,0,0,0,
1572,53,49,2017/05/08 10:35,2017/05/08 12:00,42,0,0,0,0,
1573,67,32,2017/05/05 21:25,2017/05/05 23:00,83,0,0,0,0,
1574,67,32,2017/05/07 21:25,2017/05/07 23:00,91,0,0,0,0,
1575,67,32,2017/05/08 21:25,2017/05/08 23:00,39,0,0,0,0,
1576,36,52,2017/05/05 22:05,2017/05/06 00:10,61,0,0,0,0,
1577,36,52,2017/05/06 22:05,2017/05/07 00:10,102,0,0,0,0,
1578,36,52,2017/05/07 22:05,2017/05/08 00:10,62,0,0,0,0,
1579,36,52,2017/05/08 22:05,2017/05/09 00:10,52,0,0,0,0,
1580,41,50,2017/05/05 21:55,2017/05/05 23:55,39,0,0,0,0,
1581,41,50,2017/05/07 21:55,2017/05/07 23:55,121,0,0,0,0,
1582,52,34,2017/05/05 07:35,2017/05/05 10:10,129,0,0,0,0,
1583,52,34,2017/05/06 07:35,2017/05/06 10:10,61,0,0,0,0,
1584,52,34,2017/05/08 07:35,2017/05/08 10:10,34,0,0,0,0,
1585,52,36,2017/05/05 10:35,2017/05/05 13:05,76,0,0,0,0,
1586,52,36,2017/05/06 10:35,2017/05/06 13:05,38,0,0,0,0,
1587,52,36,2017/05/07 10:35,2017/05/07 13:05,75,0,0,0,0,
1588,52,36,2017/05/08 10:35,2017/05/08 13:05,73,0,0,0,0,
1589,34,52,2017/05/05 10:55,2017/05/05 13:15,129,0,0,0,0,
1590,34,52,2017/05/06 10:55,2017/05/06 13:15,61,0,0,0,0,
1591,34,52,2017/05/08 10:55,2017/05/08 13:15,34,0,0,0,0,
1592,50,41,2017/05/05 19:05,2017/05/05 21:10,39,0,0,0,0,
1593,50,41,2017/05/07 19:05,2017/05/07 21:10,121,0,0,0,0,
1594,61,66,2017/05/05 07:10,2017/05/05 08:35,79,0,0,0,0,
1595,61,66,2017/05/07 07:10,2017/05/07 08:35,86,1,0,0,1,1600:22&1601:25&1596:34
1596,61,66,2017/05/08 07:10,2017/05/08 08:35,136,0,0,0,0,
1597,61,66,2017/05/06 07:10,2017/05/06 08:35,51,0,0,0,0,
1598,61,66,2017/05/05 07:00,2017/05/05 08:25,52,0,0,0,0,
1599,61,66,2017/05/06 07:00,2017/05/06 08:25,79,0,0,0,0,
1600,61,66,2017/05/07 18:00,2017/05/07 19:25,133,0,0,0,0,
1601,61,66,2017/05/08 07:00,2017/05/08 08:25,142,0,0,0,0,
1602,50,62,2017/05/05 16:30,2017/05/05 17:55,30,0,0,0,0,
1603,50,62,2017/05/07 18:30,2017/05/07 19:55,75,0,0,0,0,
1604,50,62,2017/05/08 16:30,2017/05/08 17:55,31,0,0,0,0,
1605,66,61,2017/05/05 09:25,2017/05/05 11:00,79,0,0,0,0,
1606,66,61,2017/05/06 09:25,2017/05/06 11:00,51,0,0,0,0,
1607,66,61,2017/05/07 09:25,2017/05/07 11:00,86,1,0,0,1,1610:27&1611:69&1608:45
1608,66,61,2017/05/08 09:25,2017/05/08 11:00,136,0,0,0,0,
1609,66,61,2017/05/06 09:10,2017/05/06 10:45,79,0,0,0,0,
1610,66,61,2017/05/07 15:35,2017/05/07 17:10,133,0,0,0,0,
1611,66,61,2017/05/08 09:10,2017/05/08 10:45,142,0,0,0,0,
1612,62,50,2017/05/05 18:55,2017/05/05 20:25,95,0,0,0,0,
1613,62,50,2017/05/07 22:40,2017/05/08 00:10,85,0,0,0,0,
1614,62,50,2017/05/08 18:55,2017/05/08 20:25,41,0,0,0,0,
1615,66,61,2017/05/05 09:10,2017/05/05 10:45,52,0,0,0,0,
1616,52,72,2017/05/06 08:10,2017/05/06 11:05,129,0,0,0,0,
1617,52,72,2017/05/07 08:10,2017/05/07 11:05,129,0,0,0,0,
1618,52,72,2017/05/08 08:10,2017/05/08 11:05,62,0,0,0,0,
1619,50,51,2017/05/06 15:50,2017/05/06 17:15,98,0,0,0,0,
1620,51,67,2017/05/07 02:10,2017/05/07 04:05,98,0,0,0,0,
1621,52,72,2017/05/05 08:10,2017/05/05 11:05,120,0,0,0,0,
1622,67,52,2017/05/05 19:30,2017/05/05 21:50,38,0,0,0,0,
1623,67,52,2017/05/06 19:30,2017/05/06 21:50,61,0,0,0,0,
1624,67,52,2017/05/07 23:45,2017/05/08 02:05,32,0,0,0,0,
1625,67,52,2017/05/08 19:30,2017/05/08 21:50,83,0,0,0,0,
1626,72,52,2017/05/06 12:10,2017/05/06 15:05,129,0,0,0,0,
1627,72,52,2017/05/07 12:10,2017/05/07 15:05,122,0,0,0,0,
1628,72,52,2017/05/08 12:10,2017/05/08 15:05,62,0,0,0,0,
1629,67,51,2017/05/06 08:30,2017/05/06 10:25,137,0,0,0,0,
1630,51,50,2017/05/06 11:10,2017/05/06 12:25,137,0,0,0,0,
1631,72,52,2017/05/05 12:10,2017/05/05 15:05,120,0,0,0,0,
1632,71,38,2017/05/07 19:50,2017/05/07 21:25,39,0,0,0,0,
1633,38,50,2017/05/07 22:25,2017/05/07 23:50,39,0,0,0,0,
1634,71,38,2017/05/06 19:50,2017/05/06 21:25,39,0,0,0,0,
1635,50,38,2017/05/06 14:35,2017/05/06 16:15,39,0,0,0,0,
1636,50,38,2017/05/07 14:35,2017/05/07 16:15,16,1,0,0,1,82:32&923:9
1637,38,50,2017/05/06 22:25,2017/05/06 23:50,39,1,0,0,1,964:77&1633:16
1638,38,71,2017/05/06 17:25,2017/05/06 19:05,39,0,0,0,0,
1639,38,71,2017/05/07 17:25,2017/05/07 19:05,39,0,0,0,0,
1640,52,67,2017/05/05 16:05,2017/05/05 18:30,38,0,0,0,0,
1641,52,67,2017/05/06 16:05,2017/05/06 18:30,61,0,0,0,0,
1642,52,67,2017/05/07 16:05,2017/05/07 18:30,48,0,0,0,0,
1643,52,67,2017/05/08 16:05,2017/05/08 18:30,83,0,0,0,0,
1644,61,72,2017/05/05 17:20,2017/05/05 20:10,113,0,0,0,0,
1645,61,72,2017/05/06 17:20,2017/05/06 20:10,100,1,0,0,1,1646:86&1647:11
1646,61,72,2017/05/07 18:00,2017/05/07 20:50,99,0,0,0,0,
1647,61,72,2017/05/08 17:20,2017/05/08 20:10,139,0,0,0,0,
1648,72,61,2017/05/05 21:10,2017/05/05 23:55,113,0,0,0,0,
1649,49,67,2017/05/05 15:10,2017/05/05 17:40,56,0,0,0,0,
1650,49,67,2017/05/06 15:10,2017/05/06 17:40,92,1,0,0,1,1651:83&78:1
1651,49,67,2017/05/07 22:15,2017/05/08 00:45,127,0,0,0,0,
1652,49,67,2017/05/08 15:10,2017/05/08 17:40,129,0,0,0,0,
1653,32,72,2017/05/05 16:50,2017/05/05 18:40,129,0,0,0,0,
1654,32,72,2017/05/06 16:50,2017/05/06 18:40,139,0,0,0,0,
1655,32,72,2017/05/07 16:50,2017/05/07 18:40,61,0,0,0,0,
1656,32,72,2017/05/08 16:50,2017/05/08 18:40,100,0,0,0,0,
1657,52,68,2017/05/05 14:10,2017/05/05 16:35,49,0,0,0,0,
1658,52,68,2017/05/06 14:10,2017/05/06 16:35,34,0,0,0,0,
1659,52,68,2017/05/07 14:10,2017/05/07 16:35,4,0,0,0,0,
1660,52,68,2017/05/08 14:10,2017/05/08 16:35,34,0,0,0,0,
1661,52,32,2017/05/05 14:15,2017/05/05 15:55,129,0,0,0,0,
1662,52,32,2017/05/06 14:15,2017/05/06 15:55,139,0,0,0,0,
1663,52,32,2017/05/07 14:15,2017/05/07 15:55,61,0,0,0,0,
1664,52,32,2017/05/08 14:15,2017/05/08 15:55,100,0,0,0,0,
1665,72,32,2017/05/05 19:40,2017/05/05 21:30,129,0,0,0,0,
1666,72,32,2017/05/06 19:40,2017/05/06 21:30,94,0,0,0,0,
1667,72,32,2017/05/07 19:40,2017/05/07 21:30,61,0,0,0,0,
1668,72,32,2017/05/08 19:40,2017/05/08 21:30,100,0,0,0,0,
1669,67,49,2017/05/05 18:45,2017/05/05 21:10,56,0,0,0,0,
1670,67,49,2017/05/07 19:20,2017/05/07 21:45,48,0,0,0,0,
1671,67,49,2017/05/08 18:45,2017/05/08 21:10,129,0,0,0,0,
1672,32,52,2017/05/05 22:20,2017/05/05 23:55,129,0,0,0,0,
1673,32,52,2017/05/06 22:20,2017/05/06 23:55,94,0,0,0,0,
1674,32,52,2017/05/07 22:20,2017/05/07 23:55,61,0,0,0,0,
1675,32,52,2017/05/08 22:20,2017/05/08 23:55,100,0,0,0,0,
1676,67,49,2017/05/06 18:45,2017/05/06 21:10,92,1,0,0,1,152:34&97:38&153:27&2260:6
1677,72,61,2017/05/06 21:10,2017/05/06 23:55,100,1,0,0,1,1679:74&1678:30
1678,72,61,2017/05/08 21:10,2017/05/08 23:55,139,0,0,0,0,
1679,72,61,2017/05/07 22:10,2017/05/08 00:55,139,0,0,0,0,
1680,27,46,2017/05/05 07:50,2017/05/05 09:50,137,0,0,0,0,
1681,61,68,2017/05/05 15:10,2017/05/05 17:20,51,0,0,0,0,
1682,61,68,2017/05/08 15:10,2017/05/08 17:20,126,0,0,0,0,
1683,27,46,2017/05/07 07:50,2017/05/07 09:50,127,0,0,0,0,
1684,46,67,2017/05/05 11:05,2017/05/05 12:35,137,0,0,0,0,
1685,46,67,2017/05/07 11:05,2017/05/07 12:35,127,0,0,0,0,
1686,38,48,2017/05/05 16:05,2017/05/05 18:15,60,0,0,0,0,
1687,38,48,2017/05/06 16:05,2017/05/06 18:15,49,0,0,0,0,
1688,38,48,2017/05/07 16:05,2017/05/07 18:15,34,0,0,0,0,
1689,38,48,2017/05/08 16:05,2017/05/08 18:15,108,0,0,0,0,
1690,68,61,2017/05/05 18:10,2017/05/05 20:10,51,0,0,0,0,
1691,68,61,2017/05/08 18:10,2017/05/08 20:10,126,0,0,0,0,
1692,52,68,2017/05/06 07:45,2017/05/06 10:10,6,0,0,0,0,
1693,52,68,2017/05/07 07:45,2017/05/07 10:10,69,0,0,0,0,
1694,52,68,2017/05/08 07:45,2017/05/08 10:10,129,0,0,0,0,
1695,67,46,2017/05/05 13:40,2017/05/05 15:15,137,0,0,0,0,
1696,67,46,2017/05/07 13:40,2017/05/07 15:15,94,0,0,0,0,
1697,48,38,2017/05/05 19:15,2017/05/05 21:25,60,0,0,0,0,
1698,48,38,2017/05/06 19:15,2017/05/06 21:25,49,0,0,0,0,
1699,48,38,2017/05/07 19:15,2017/05/07 21:25,34,0,0,0,0,
1700,46,27,2017/05/05 16:15,2017/05/05 18:05,137,0,0,0,0,
1701,46,27,2017/05/07 16:15,2017/05/07 18:05,94,0,0,0,0,
1702,68,52,2017/05/05 17:20,2017/05/05 19:30,49,0,0,0,0,
1703,68,52,2017/05/06 17:20,2017/05/06 19:30,34,0,0,0,0,
1704,68,52,2017/05/07 22:20,2017/05/08 00:30,82,0,0,0,0,
1705,68,52,2017/05/08 17:20,2017/05/08 19:30,34,0,0,0,0,
1706,67,46,2017/05/06 13:40,2017/05/06 15:15,4,0,0,0,0,
1707,67,46,2017/05/08 13:40,2017/05/08 15:15,51,0,0,0,0,
1708,38,52,2017/05/05 22:30,2017/05/05 23:45,60,0,0,0,0,
1709,38,52,2017/05/06 22:30,2017/05/06 23:45,49,0,0,0,0,
1710,38,52,2017/05/07 22:30,2017/05/07 23:45,34,0,0,0,0,
1711,68,52,2017/05/06 11:25,2017/05/06 13:50,88,0,0,0,0,
1712,68,52,2017/05/07 11:25,2017/05/07 13:50,101,0,0,0,0,
1713,68,52,2017/05/08 11:25,2017/05/08 13:50,97,0,0,0,0,
1714,27,46,2017/05/06 07:50,2017/05/06 09:50,4,0,0,0,0,
1715,27,46,2017/05/08 07:50,2017/05/08 09:50,51,0,0,0,0,
1716,48,38,2017/05/08 19:15,2017/05/08 21:25,108,0,0,0,0,
1717,46,27,2017/05/06 16:15,2017/05/06 18:10,4,0,0,0,0,
1718,46,27,2017/05/08 16:15,2017/05/08 18:10,51,0,0,0,0,
1719,38,52,2017/05/08 22:30,2017/05/08 23:45,108,0,0,0,0,
1720,46,67,2017/05/06 11:05,2017/05/06 12:35,4,0,0,0,0,
1721,46,67,2017/05/08 11:05,2017/05/08 12:35,51,0,0,0,0,
1722,52,38,2017/05/05 13:20,2017/05/05 14:55,60,0,0,0,0,
1723,52,38,2017/05/06 13:20,2017/05/06 14:55,49,0,0,0,0,
1724,52,38,2017/05/07 13:20,2017/05/07 14:55,34,0,0,0,0,
1725,52,38,2017/05/08 13:20,2017/05/08 14:55,108,0,0,0,0,
1726,70,32,2017/05/08 18:45,2017/05/08 20:25,42,0,0,0,0,
1727,52,67,2017/05/05 20:30,2017/05/05 22:55,49,0,0,0,0,
1728,52,67,2017/05/07 01:40,2017/05/07 04:05,94,0,0,0,0,
1729,52,67,2017/05/07 20:30,2017/05/07 22:55,32,0,0,0,0,
1730,52,67,2017/05/08 20:30,2017/05/08 22:55,34,0,0,0,0,
1731,32,49,2017/05/08 21:25,2017/05/08 22:55,42,0,0,0,0,
1732,67,74,2017/05/06 11:25,2017/05/06 13:05,32,0,0,0,0,
1733,67,74,2017/05/08 11:25,2017/05/08 13:05,32,0,0,0,0,
1734,70,32,2017/05/05 18:45,2017/05/05 20:25,43,0,0,0,0,
1735,52,67,2017/05/06 07:55,2017/05/06 10:25,32,0,0,0,0,
1736,52,67,2017/05/08 07:55,2017/05/08 10:25,32,0,0,0,0,
1737,67,52,2017/05/05 08:45,2017/05/05 11:00,60,0,0,0,0,
1738,67,52,2017/05/06 08:45,2017/05/06 11:00,49,0,0,0,0,
1739,67,52,2017/05/07 08:45,2017/05/07 11:00,4,0,0,0,0,
1740,67,52,2017/05/08 08:45,2017/05/08 11:00,100,0,0,0,0,
1741,52,67,2017/05/05 07:55,2017/05/05 10:25,32,0,0,0,0,
1742,32,49,2017/05/05 21:25,2017/05/05 23:00,43,0,0,0,0,
1743,61,68,2017/05/06 07:40,2017/05/06 09:45,86,0,0,0,0,
1744,27,67,2017/05/05 19:05,2017/05/05 21:45,137,0,0,0,0,
1745,27,67,2017/05/06 19:05,2017/05/06 21:45,4,0,0,0,0,
1746,27,67,2017/05/07 22:55,2017/05/08 01:35,100,0,0,0,0,
1747,27,67,2017/05/08 19:05,2017/05/08 21:45,51,0,0,0,0,
1748,49,32,2017/05/05 13:05,2017/05/05 14:55,43,0,0,0,0,
1749,49,32,2017/05/08 13:05,2017/05/08 14:55,42,0,0,0,0,
1750,61,68,2017/05/07 07:40,2017/05/07 09:50,87,1,0,0,1,1682:105
1751,32,70,2017/05/05 15:50,2017/05/05 17:40,43,0,0,0,0,
1752,32,70,2017/05/08 15:50,2017/05/08 17:40,42,0,0,0,0,
1753,67,27,2017/05/05 08:15,2017/05/05 10:40,127,0,0,0,0,
1754,67,27,2017/05/06 08:15,2017/05/06 10:40,72,0,0,0,0,
1755,67,27,2017/05/07 08:15,2017/05/07 10:40,98,0,0,0,0,
1756,67,27,2017/05/08 08:15,2017/05/08 10:40,128,0,0,0,0,
1757,68,61,2017/05/06 10:50,2017/05/06 12:50,86,0,0,0,0,
1758,68,61,2017/05/07 15:00,2017/05/07 17:00,19,0,0,0,0,
1759,50,68,2017/05/05 17:45,2017/05/05 20:05,33,0,0,0,0,
1760,50,68,2017/05/08 17:45,2017/05/08 20:05,74,0,0,0,0,
1761,32,67,2017/05/05 10:15,2017/05/05 11:40,111,0,0,0,0,
1762,32,67,2017/05/06 10:15,2017/05/06 11:40,82,0,0,0,0,
1763,32,67,2017/05/07 10:15,2017/05/07 11:40,63,0,0,0,0,
1764,32,67,2017/05/08 10:15,2017/05/08 11:40,79,0,0,0,0,
1765,67,32,2017/05/06 13:05,2017/05/06 14:35,82,0,0,0,0,
1766,67,32,2017/05/07 13:05,2017/05/07 14:35,10,0,0,0,0,
1767,67,32,2017/05/08 13:05,2017/05/08 14:35,79,0,0,0,0,
1768,68,50,2017/05/08 21:10,2017/05/08 23:25,74,0,0,0,0,
1769,67,74,2017/05/05 11:25,2017/05/05 13:05,32,0,0,0,0,
1770,74,67,2017/05/05 14:10,2017/05/05 15:30,32,0,0,0,0,
1771,74,67,2017/05/07 14:10,2017/05/07 15:30,32,0,0,0,0,
1772,32,61,2017/05/06 15:30,2017/05/06 16:55,82,1,0,0,1,2271:72
1773,32,61,2017/05/07 15:40,2017/05/07 17:05,10,0,0,0,0,
1774,32,61,2017/05/08 15:30,2017/05/08 16:55,79,0,0,0,0,
1775,67,52,2017/05/05 16:35,2017/05/05 18:50,32,0,0,0,0,
1776,67,52,2017/05/07 16:35,2017/05/07 18:50,32,0,0,0,0,
1777,67,32,2017/05/05 13:05,2017/05/05 14:35,111,0,0,0,0,
1778,32,61,2017/05/05 15:30,2017/05/05 16:55,111,0,0,0,0,
1779,61,32,2017/05/05 07:45,2017/05/05 09:20,111,0,0,0,0,
1780,61,32,2017/05/06 07:45,2017/05/06 09:20,82,0,0,0,0,
1781,61,32,2017/05/07 07:45,2017/05/07 09:20,52,1,0,0,0,
1782,61,32,2017/05/08 07:45,2017/05/08 09:20,79,0,0,0,0,
1783,68,50,2017/05/05 21:10,2017/05/05 23:25,33,0,0,0,0,
1784,61,62,2017/05/05 19:30,2017/05/05 21:00,96,0,0,0,0,
1785,61,62,2017/05/06 19:30,2017/05/06 21:00,86,1,0,0,1,1813:63
1786,61,62,2017/05/07 20:20,2017/05/07 21:50,85,0,0,0,0,
1787,61,62,2017/05/08 19:30,2017/05/08 21:00,142,0,0,0,0,
1788,60,52,2017/05/06 17:10,2017/05/06 18:55,116,0,0,0,0,
1789,52,61,2017/05/06 20:10,2017/05/06 21:30,116,1,0,0,1,1799:63&1795:28
1790,60,52,2017/05/05 17:10,2017/05/05 18:55,110,0,0,0,0,
1791,60,52,2017/05/08 17:10,2017/05/08 18:55,130,0,0,0,0,
1792,62,61,2017/05/06 22:00,2017/05/06 23:40,86,1,0,0,1,1823:56
1793,62,61,2017/05/07 22:05,2017/05/07 23:45,126,0,0,0,0,
1794,52,61,2017/05/05 20:10,2017/05/05 21:30,110,0,0,0,0,
1795,52,61,2017/05/08 20:10,2017/05/08 21:30,130,0,0,0,0,
1796,60,52,2017/05/07 20:45,2017/05/07 22:30,136,0,0,0,0,
1797,62,61,2017/05/05 22:00,2017/05/05 23:40,96,0,0,0,0,
1798,62,61,2017/05/08 22:00,2017/05/08 23:40,142,0,0,0,0,
1799,52,61,2017/05/07 23:20,2017/05/08 00:40,136,0,0,0,0,
1800,61,52,2017/05/05 10:30,2017/05/05 11:55,116,0,0,0,0,
1801,61,52,2017/05/06 10:30,2017/05/06 11:55,110,0,0,0,0,
1802,61,52,2017/05/07 10:30,2017/05/07 11:55,91,1,0,0,1,1803:58
1803,61,52,2017/05/08 10:30,2017/05/08 11:55,110,0,0,0,0,
1804,52,60,2017/05/05 13:10,2017/05/05 15:05,116,0,0,0,0,
1805,52,60,2017/05/06 13:10,2017/05/06 15:05,110,0,0,0,0,
1806,52,60,2017/05/07 13:10,2017/05/07 15:05,130,0,0,0,0,
1807,52,60,2017/05/08 13:10,2017/05/08 15:05,110,0,0,0,0,
1808,49,54,2017/05/05 09:00,2017/05/05 11:15,95,0,0,0,0,
1809,49,54,2017/05/06 09:00,2017/05/06 11:15,36,0,0,0,0,
1810,49,54,2017/05/07 09:00,2017/05/07 11:15,74,1,0,0,1,1815:84
1811,61,62,2017/05/05 12:30,2017/05/05 14:10,100,0,0,0,0,
1812,61,62,2017/05/06 12:30,2017/05/06 14:10,51,0,0,0,0,
1813,61,62,2017/05/07 17:50,2017/05/07 19:30,19,0,0,0,0,
1814,61,62,2017/05/08 12:30,2017/05/08 14:10,136,0,0,0,0,
1815,49,54,2017/05/08 08:55,2017/05/08 11:15,131,0,0,0,0,
1816,54,49,2017/05/05 12:00,2017/05/05 14:25,95,0,0,0,0,
1817,54,49,2017/05/07 12:00,2017/05/07 14:25,74,1,0,0,1,881:33&1818:68
1818,54,49,2017/05/08 12:00,2017/05/08 14:25,131,0,0,0,0,
1819,62,61,2017/05/05 15:15,2017/05/05 16:55,100,0,0,0,0,
1820,62,61,2017/05/08 15:15,2017/05/08 16:55,136,0,0,0,0,
1821,54,49,2017/05/06 12:00,2017/05/06 14:25,36,1,0,0,1,881:46
1822,62,61,2017/05/06 15:15,2017/05/06 16:55,51,1,0,0,1,1823:33&1793:53
1823,62,61,2017/05/07 15:35,2017/05/07 17:15,51,0,0,0,0,
1824,68,50,2017/05/05 18:25,2017/05/05 20:35,31,0,0,0,0,
1825,35,61,2017/05/06 22:45,2017/05/06 23:55,52,1,0,0,0,
1826,48,35,2017/05/05 20:10,2017/05/05 22:00,79,0,0,0,0,
1827,35,61,2017/05/05 22:45,2017/05/05 23:55,79,0,0,0,0,
1828,61,35,2017/05/05 15:10,2017/05/05 16:20,79,0,0,0,0,
1829,61,35,2017/05/06 15:10,2017/05/06 16:20,86,0,0,0,0,
1830,61,35,2017/05/07 15:10,2017/05/07 16:20,62,1,0,0,0,
1831,47,68,2017/05/07 16:05,2017/05/07 17:35,31,0,0,0,0,
1832,68,50,2017/05/07 18:25,2017/05/07 20:35,31,0,0,0,0,
1833,35,48,2017/05/05 17:05,2017/05/05 19:05,79,0,0,0,0,
1834,35,48,2017/05/06 17:05,2017/05/06 19:05,86,0,0,0,0,
1835,35,48,2017/05/07 17:05,2017/05/07 19:05,114,0,0,0,0,
1836,61,67,2017/05/06 20:05,2017/05/06 22:45,96,1,0,0,1,1837:71&1840:25
1837,61,67,2017/05/07 20:05,2017/05/07 22:45,17,0,0,0,0,
1838,50,68,2017/05/08 10:25,2017/05/08 12:55,40,0,0,0,0,
1839,61,67,2017/05/05 20:05,2017/05/05 22:45,65,0,0,0,0,
1840,61,67,2017/05/08 20:05,2017/05/08 22:45,136,0,0,0,0,
1841,68,47,2017/05/08 13:40,2017/05/08 15:10,40,0,0,0,0,
1842,67,61,2017/05/06 20:55,2017/05/06 23:20,62,1,0,0,1,1846:67&1850:31
1843,48,35,2017/05/07 20:10,2017/05/07 22:00,114,0,0,0,0,
1844,50,68,2017/05/06 10:25,2017/05/06 12:55,31,0,0,0,0,
1845,68,47,2017/05/06 13:40,2017/05/06 15:10,31,0,0,0,0,
1846,67,61,2017/05/07 21:35,2017/05/08 00:00,142,0,0,0,0,
1847,35,61,2017/05/07 22:45,2017/05/07 23:55,114,0,0,0,0,
1848,47,68,2017/05/05 16:05,2017/05/05 17:35,31,0,0,0,0,
1849,67,61,2017/05/05 20:55,2017/05/05 23:20,82,0,0,0,0,
1850,67,61,2017/05/08 20:55,2017/05/08 23:20,37,0,0,0,0,
1851,48,35,2017/05/06 20:10,2017/05/06 22:00,54,0,0,0,0,
1852,49,33,2017/05/05 18:50,2017/05/05 20:30,130,0,0,0,0,
1853,49,33,2017/05/06 16:00,2017/05/06 17:40,10,0,0,0,0,
1854,49,33,2017/05/07 18:50,2017/05/07 20:30,131,0,0,0,0,
1855,49,33,2017/05/08 18:50,2017/05/08 20:30,133,0,0,0,0,
1856,33,49,2017/05/05 21:20,2017/05/05 22:55,130,0,0,0,0,
1857,33,49,2017/05/07 21:20,2017/05/07 22:55,131,0,0,0,0,
1858,33,49,2017/05/08 21:20,2017/05/08 22:55,133,0,0,0,0,
1859,33,49,2017/05/06 21:20,2017/05/06 22:55,77,1,0,0,1,1857:34&1221:17&1858:52
1860,46,27,2017/05/05 21:05,2017/05/05 23:00,102,0,0,0,0,
1861,46,27,2017/05/07 22:45,2017/05/08 00:40,76,0,0,0,0,
1862,27,36,2017/05/05 17:45,2017/05/05 21:05,61,0,0,0,0,
1863,27,36,2017/05/06 17:45,2017/05/06 21:05,102,0,0,0,0,
1864,27,36,2017/05/07 17:45,2017/05/07 21:05,62,0,0,0,0,
1865,27,36,2017/05/08 17:45,2017/05/08 21:05,52,0,0,0,0,
1866,49,38,2017/05/05 13:15,2017/05/05 14:55,128,0,0,0,0,
1867,49,38,2017/05/06 13:15,2017/05/06 14:55,59,0,0,0,0,
1868,49,38,2017/05/07 13:15,2017/05/07 14:55,121,1,0,0,1,935:45&865:37
1869,38,44,2017/05/05 15:55,2017/05/05 18:00,128,0,0,0,0,
1870,38,44,2017/05/06 15:55,2017/05/06 18:00,59,0,0,0,0,
1871,38,44,2017/05/07 15:55,2017/05/07 18:00,59,0,0,0,0,
1872,36,27,2017/05/05 20:15,2017/05/05 23:20,89,0,0,0,0,
1873,36,27,2017/05/08 20:15,2017/05/08 23:20,47,0,0,0,0,
1874,31,61,2017/05/05 11:55,2017/05/05 13:10,51,0,0,0,0,
1875,31,61,2017/05/06 11:55,2017/05/06 13:10,96,0,0,0,0,
1876,31,61,2017/05/07 15:50,2017/05/07 17:05,46,0,0,0,0,
1877,31,61,2017/05/08 11:55,2017/05/08 13:10,126,0,0,0,0,
1878,52,31,2017/05/05 09:10,2017/05/05 11:20,34,0,0,0,0,
1879,52,31,2017/05/06 09:10,2017/05/06 11:20,75,0,0,0,0,
1880,52,31,2017/05/07 09:10,2017/05/07 11:20,88,0,0,0,0,
1881,52,31,2017/05/08 09:10,2017/05/08 11:20,60,0,0,0,0,
1882,25,42,2017/05/05 06:55,2017/05/05 11:20,5,0,0,0,0,
1883,25,42,2017/05/06 06:55,2017/05/06 11:20,133,0,0,0,0,
1884,25,42,2017/05/07 06:55,2017/05/07 11:20,107,0,0,0,0,
1885,25,42,2017/05/08 06:55,2017/05/08 11:20,58,0,0,0,0,
1886,36,67,2017/05/05 17:40,2017/05/05 19:55,83,0,0,0,0,
1887,67,36,2017/05/05 08:20,2017/05/05 10:30,117,0,0,0,0,
1888,67,36,2017/05/06 08:20,2017/05/06 10:30,65,0,0,0,0,
1889,67,36,2017/05/07 08:20,2017/05/07 10:30,62,0,0,0,0,
1890,67,36,2017/05/08 08:20,2017/05/08 10:30,80,0,0,0,0,
1891,36,67,2017/05/06 17:40,2017/05/06 19:55,73,0,0,0,0,
1892,36,67,2017/05/07 17:40,2017/05/07 19:55,91,0,0,0,0,
1893,36,67,2017/05/08 17:40,2017/05/08 19:55,39,0,0,0,0,
1894,42,25,2017/05/05 20:25,2017/05/06 00:10,133,0,0,0,0,
1895,42,25,2017/05/06 20:25,2017/05/07 00:10,133,0,0,0,0,
1896,42,25,2017/05/07 22:15,2017/05/08 02:00,86,0,0,0,0,
1897,42,25,2017/05/08 20:25,2017/05/09 00:10,58,0,0,0,0,
1898,31,52,2017/05/06 12:35,2017/05/06 14:45,75,0,0,0,0,
1899,31,52,2017/05/07 12:35,2017/05/07 14:45,88,0,0,0,0,
1900,31,52,2017/05/08 12:35,2017/05/08 14:45,60,0,0,0,0,
1901,31,52,2017/05/05 12:35,2017/05/05 14:45,34,0,0,0,0,
1902,61,31,2017/05/05 09:30,2017/05/05 10:55,51,0,0,0,0,
1903,61,31,2017/05/06 09:30,2017/05/06 10:55,96,0,0,0,0,
1904,61,31,2017/05/07 09:30,2017/05/07 10:55,62,1,0,0,1,1905:35
1905,61,31,2017/05/08 09:30,2017/05/08 10:55,126,0,0,0,0,
1906,36,27,2017/05/06 20:15,2017/05/06 23:20,38,0,0,0,0,
1907,36,27,2017/05/07 20:15,2017/05/07 23:20,109,0,0,0,0,
1908,52,77,2017/05/05 20:00,2017/05/05 23:15,1,0,0,0,0,
1909,52,77,2017/05/07 20:00,2017/05/07 23:15,90,0,0,0,0,
1910,52,77,2017/05/08 20:00,2017/05/08 23:15,54,0,0,0,0,
1911,41,52,2017/05/05 16:25,2017/05/05 18:55,1,0,0,0,0,
1912,41,52,2017/05/07 16:25,2017/05/07 18:55,90,0,0,0,0,
1913,41,52,2017/05/08 16:25,2017/05/08 18:55,54,0,0,0,0,
1914,52,32,2017/05/05 17:30,2017/05/05 19:25,123,0,0,0,0,
1915,52,32,2017/05/06 17:30,2017/05/06 19:25,53,0,0,0,0,
1916,52,32,2017/05/07 17:30,2017/05/07 19:25,110,0,0,0,0,
1917,52,32,2017/05/08 17:30,2017/05/08 19:25,85,0,0,0,0,
1918,32,52,2017/05/05 09:20,2017/05/05 10:50,122,0,0,0,0,
1919,32,52,2017/05/07 09:20,2017/05/07 10:50,53,0,0,0,0,
1920,52,79,2017/05/05 11:50,2017/05/05 14:40,122,0,0,0,0,
1921,52,79,2017/05/07 11:50,2017/05/07 14:40,53,0,0,0,0,
1922,26,77,2017/05/05 15:35,2017/05/05 17:40,119,0,0,0,0,
1923,26,77,2017/05/06 15:35,2017/05/06 17:40,83,0,0,0,0,
1924,26,77,2017/05/07 15:35,2017/05/07 17:40,73,0,0,0,0,
1925,26,77,2017/05/08 15:35,2017/05/08 17:40,9,0,0,0,0,
1926,67,26,2017/05/05 12:15,2017/05/05 14:45,119,0,0,0,0,
1927,67,26,2017/05/06 12:15,2017/05/06 14:45,83,0,0,0,0,
1928,67,26,2017/05/07 12:15,2017/05/07 14:45,73,0,0,0,0,
1929,67,26,2017/05/08 12:15,2017/05/08 14:45,9,0,0,0,0,
1930,32,52,2017/05/06 09:20,2017/05/06 10:50,126,0,0,0,0,
1931,32,52,2017/05/08 09:20,2017/05/08 10:50,91,0,0,0,0,
1932,52,79,2017/05/06 11:50,2017/05/06 14:40,126,0,0,0,0,
1933,52,79,2017/05/08 11:50,2017/05/08 14:40,91,0,0,0,0,
1934,77,52,2017/05/05 07:20,2017/05/05 10:45,1,0,0,0,0,
1935,77,52,2017/05/07 07:20,2017/05/07 10:45,90,0,0,0,0,
1936,77,52,2017/05/08 07:20,2017/05/08 10:45,54,0,0,0,0,
1937,77,26,2017/05/05 13:30,2017/05/05 15:45,82,0,0,0,0,
1938,77,26,2017/05/06 13:30,2017/05/06 15:45,62,0,0,0,0,
1939,77,26,2017/05/07 13:30,2017/05/07 15:45,50,0,0,0,0,
1940,77,26,2017/05/08 13:30,2017/05/08 15:45,37,0,0,0,0,
1941,79,52,2017/05/05 13:35,2017/05/05 16:15,123,0,0,0,0,
1942,79,52,2017/05/06 13:35,2017/05/06 16:15,53,0,0,0,0,
1943,79,52,2017/05/07 13:35,2017/05/07 16:15,110,0,0,0,0,
1944,79,52,2017/05/08 13:35,2017/05/08 16:15,85,0,0,0,0,
1945,52,41,2017/05/05 12:35,2017/05/05 15:25,1,0,0,0,0,
1946,52,41,2017/05/07 12:35,2017/05/07 15:25,90,0,0,0,0,
1947,52,41,2017/05/08 12:35,2017/05/08 15:25,54,0,0,0,0,
1948,26,67,2017/05/05 17:00,2017/05/05 19:20,82,0,0,0,0,
1949,26,67,2017/05/06 17:00,2017/05/06 19:20,62,0,0,0,0,
1950,26,67,2017/05/07 17:00,2017/05/07 19:20,50,0,0,0,0,
1951,26,67,2017/05/08 17:00,2017/05/08 19:20,37,0,0,0,0,
1952,57,78,2017/05/05 10:25,2017/05/05 12:05,84,0,0,0,0,
1953,57,78,2017/05/06 10:25,2017/05/06 12:05,84,0,0,0,0,
1954,57,78,2017/05/07 10:25,2017/05/07 12:05,106,0,0,0,0,
1955,57,78,2017/05/08 10:25,2017/05/08 12:05,38,0,0,0,0,
1956,27,77,2017/05/05 12:45,2017/05/05 15:00,131,0,0,0,0,
1957,27,77,2017/05/06 12:45,2017/05/06 15:00,123,0,0,0,0,
1958,27,77,2017/05/07 12:45,2017/05/07 15:00,84,0,0,0,0,
1959,27,77,2017/05/08 12:45,2017/05/08 15:00,84,0,0,0,0,
1960,76,27,2017/05/07 17:10,2017/05/07 18:50,111,0,0,0,0,
1961,27,50,2017/05/07 20:00,2017/05/07 22:45,111,0,0,0,0,
1962,78,57,2017/05/05 12:55,2017/05/05 14:35,84,0,0,0,0,
1963,78,57,2017/05/06 12:55,2017/05/06 14:35,84,0,0,0,0,
1964,78,57,2017/05/07 12:55,2017/05/07 14:35,8,0,0,0,0,
1965,78,57,2017/05/08 12:55,2017/05/08 14:35,38,0,0,0,0,
1966,76,27,2017/05/05 17:10,2017/05/05 18:50,74,0,0,0,0,
1967,76,27,2017/05/08 17:10,2017/05/08 18:50,1,0,0,0,0,
1968,57,32,2017/05/05 15:35,2017/05/05 17:10,84,0,0,0,0,
1969,57,32,2017/05/06 15:35,2017/05/06 17:10,84,0,0,0,0,
1970,57,32,2017/05/07 15:35,2017/05/07 17:10,8,0,0,0,0,
1971,57,32,2017/05/08 15:35,2017/05/08 17:10,38,0,0,0,0,
1972,50,27,2017/05/05 11:00,2017/05/05 13:40,74,0,0,0,0,
1973,27,50,2017/05/05 20:00,2017/05/05 22:45,74,0,0,0,0,
1974,27,50,2017/05/08 20:00,2017/05/08 22:45,1,0,0,0,0,
1975,50,27,2017/05/07 11:00,2017/05/07 13:40,66,1,0,0,1,1084:17&1976:23&1085:16
1976,50,27,2017/05/08 11:00,2017/05/08 13:40,1,0,0,0,0,
1977,32,57,2017/05/05 07:55,2017/05/05 09:25,84,0,0,0,0,
1978,32,57,2017/05/06 07:55,2017/05/06 09:25,84,0,0,0,0,
1979,32,57,2017/05/07 07:55,2017/05/07 09:25,106,0,0,0,0,
1980,32,57,2017/05/08 07:55,2017/05/08 09:25,38,0,0,0,0,
1981,32,27,2017/05/05 08:55,2017/05/05 11:10,131,0,0,0,0,
1982,32,27,2017/05/06 08:55,2017/05/06 11:10,123,0,0,0,0,
1983,32,27,2017/05/07 08:55,2017/05/07 11:10,84,0,0,0,0,
1984,32,27,2017/05/08 08:55,2017/05/08 11:10,84,0,0,0,0,
1985,27,76,2017/05/05 14:40,2017/05/05 16:20,74,0,0,0,0,
1986,27,76,2017/05/07 14:40,2017/05/07 16:20,111,0,0,0,0,
1987,27,76,2017/05/08 14:40,2017/05/08 16:20,1,0,0,0,0,
1988,27,32,2017/05/05 20:05,2017/05/05 22:25,131,0,0,0,0,
1989,27,32,2017/05/06 20:05,2017/05/06 22:25,123,0,0,0,0,
1990,27,32,2017/05/07 20:05,2017/05/07 22:25,84,0,0,0,0,
1991,27,32,2017/05/08 20:05,2017/05/08 22:25,84,0,0,0,0,
1992,76,52,2017/05/05 17:25,2017/05/05 20:30,121,0,0,0,0,
1993,76,52,2017/05/06 17:25,2017/05/06 20:30,125,0,0,0,0,
1994,76,52,2017/05/07 17:25,2017/05/07 20:30,93,0,0,0,0,
1995,76,52,2017/05/08 17:25,2017/05/08 20:30,14,0,0,0,0,
1996,52,76,2017/05/05 09:35,2017/05/05 12:25,125,0,0,0,0,
1997,52,76,2017/05/06 09:35,2017/05/06 12:25,121,0,0,0,0,
1998,52,76,2017/05/07 09:35,2017/05/07 12:25,125,0,0,0,0,
1999,52,76,2017/05/08 09:35,2017/05/08 12:25,93,0,0,0,0,
2000,52,36,2017/05/05 21:35,2017/05/05 23:50,121,0,0,0,0,
2001,52,36,2017/05/06 21:35,2017/05/06 23:50,125,0,0,0,0,
2002,52,36,2017/05/07 21:35,2017/05/07 23:50,93,0,0,0,0,
2003,52,36,2017/05/08 21:35,2017/05/08 23:50,14,0,0,0,0,
2004,77,27,2017/05/05 16:30,2017/05/05 18:35,131,0,0,0,0,
2005,77,27,2017/05/06 16:30,2017/05/06 18:35,123,0,0,0,0,
2006,77,27,2017/05/07 16:30,2017/05/07 18:35,84,0,0,0,0,
2007,77,27,2017/05/08 16:30,2017/05/08 18:35,84,0,0,0,0,
2008,36,52,2017/05/05 06:35,2017/05/05 08:35,125,0,0,0,0,
2009,36,52,2017/05/06 06:35,2017/05/06 08:35,121,0,0,0,0,
2010,36,52,2017/05/07 06:35,2017/05/07 08:35,125,0,0,0,0,
2011,36,52,2017/05/08 06:35,2017/05/08 08:35,93,0,0,0,0,
2012,59,78,2017/05/07 12:25,2017/05/07 14:35,79,1,0,0,1,2013:54
2013,59,78,2017/05/08 12:25,2017/05/08 14:35,113,0,0,0,0,
2014,78,59,2017/05/08 15:25,2017/05/08 17:25,113,0,0,0,0,
2015,77,37,2017/05/07 14:25,2017/05/07 17:35,1,0,0,0,0,
2016,77,37,2017/05/08 14:25,2017/05/08 17:35,5,0,0,0,0,
2017,59,61,2017/05/08 18:30,2017/05/08 20:15,113,0,0,0,0,
2018,37,50,2017/05/07 18:35,2017/05/07 20:30,1,0,0,0,0,
2019,37,50,2017/05/08 18:35,2017/05/08 20:30,5,0,0,0,0,
2020,78,59,2017/05/07 15:25,2017/05/07 17:25,14,0,0,0,0,
2021,77,37,2017/05/05 14:25,2017/05/05 17:35,142,0,0,0,0,
2022,37,50,2017/05/05 18:35,2017/05/05 20:30,142,0,0,0,0,
2023,77,37,2017/05/06 14:25,2017/05/06 17:35,136,0,0,0,0,
2024,59,61,2017/05/07 18:30,2017/05/07 20:15,14,0,0,0,0,
2025,37,50,2017/05/06 18:35,2017/05/06 20:30,136,1,0,0,1,978:2&2019:58
2026,50,37,2017/05/05 08:00,2017/05/05 10:05,142,0,0,0,0,
2027,50,37,2017/05/06 08:00,2017/05/06 10:05,136,0,0,0,0,
2028,50,37,2017/05/07 08:00,2017/05/07 10:05,47,1,0,0,0,
2029,50,37,2017/05/08 08:00,2017/05/08 10:05,5,0,0,0,0,
2030,61,59,2017/05/07 09:40,2017/05/07 11:20,79,1,0,0,1,2031:51
2031,61,59,2017/05/08 09:40,2017/05/08 11:20,113,0,0,0,0,
2032,37,77,2017/05/05 11:05,2017/05/05 13:40,142,0,0,0,0,
2033,37,77,2017/05/06 11:05,2017/05/06 13:40,136,0,0,0,0,
2034,37,77,2017/05/07 11:05,2017/05/07 13:40,70,0,0,0,0,
2035,37,77,2017/05/08 11:05,2017/05/08 13:40,5,0,0,0,0,
2036,77,65,2017/05/05 13:50,2017/05/05 15:55,140,0,0,0,0,
2037,77,65,2017/05/07 13:50,2017/05/07 15:55,102,0,0,0,0,
2038,77,65,2017/05/08 13:50,2017/05/08 15:55,82,0,0,0,0,
2039,65,49,2017/05/05 17:10,2017/05/05 20:00,140,0,0,0,0,
2040,65,49,2017/05/07 17:10,2017/05/07 20:00,102,0,0,0,0,
2041,65,49,2017/05/08 16:40,2017/05/08 19:20,82,0,0,0,0,
2042,49,65,2017/05/08 07:05,2017/05/08 09:50,37,0,0,0,0,
2043,65,77,2017/05/08 10:50,2017/05/08 12:40,37,0,0,0,0,
2044,49,65,2017/05/05 07:05,2017/05/05 09:50,82,0,0,0,0,
2045,49,65,2017/05/07 07:05,2017/05/07 09:50,81,1,0,0,1,2042:48
2046,65,77,2017/05/05 10:50,2017/05/05 12:40,82,0,0,0,0,
2047,65,77,2017/05/07 10:50,2017/05/07 12:40,1,0,0,0,0,
2048,76,54,2017/05/05 13:45,2017/05/05 15:45,125,0,0,0,0,
2049,76,54,2017/05/06 13:45,2017/05/06 15:45,128,0,0,0,0,
2050,76,54,2017/05/07 13:45,2017/05/07 15:45,108,0,0,0,0,
2051,76,54,2017/05/08 13:45,2017/05/08 15:45,122,0,0,0,0,
2052,54,32,2017/05/05 16:45,2017/05/05 19:05,125,0,0,0,0,
2053,54,32,2017/05/06 16:45,2017/05/06 19:05,128,0,0,0,0,
2054,54,32,2017/05/07 16:45,2017/05/07 19:05,108,0,0,0,0,
2055,54,32,2017/05/08 16:45,2017/05/08 19:05,122,0,0,0,0,
2056,32,54,2017/05/05 12:05,2017/05/05 14:00,121,0,0,0,0,
2057,32,54,2017/05/06 12:05,2017/05/06 14:00,125,0,0,0,0,
2058,32,54,2017/05/07 12:05,2017/05/07 14:00,93,0,0,0,0,
2059,32,54,2017/05/08 12:05,2017/05/08 14:00,14,0,0,0,0,
2060,54,76,2017/05/05 14:45,2017/05/05 16:40,121,0,0,0,0,
2061,54,76,2017/05/06 14:45,2017/05/06 16:40,125,0,0,0,0,
2062,54,76,2017/05/07 14:45,2017/05/07 16:40,93,0,0,0,0,
2063,54,76,2017/05/08 14:45,2017/05/08 16:40,14,0,0,0,0,
2064,52,78,2017/05/05 17:20,2017/05/05 19:25,75,0,0,0,0,
2065,78,52,2017/05/05 20:25,2017/05/05 22:40,75,0,0,0,0,
2066,38,61,2017/05/06 10:35,2017/05/06 12:10,63,0,0,0,0,
2067,38,61,2017/05/07 15:25,2017/05/07 17:00,112,0,0,0,0,
2068,38,61,2017/05/08 10:35,2017/05/08 12:10,89,0,0,0,0,
2069,25,61,2017/05/07 14:20,2017/05/07 17:15,9,0,0,0,0,
2070,25,61,2017/05/05 06:25,2017/05/05 09:20,100,0,0,0,0,
2071,61,38,2017/05/06 16:00,2017/05/06 17:45,96,0,0,0,0,
2072,61,38,2017/05/07 19:20,2017/05/07 21:05,51,0,0,0,0,
2073,38,27,2017/05/06 22:05,2017/05/07 00:05,96,0,0,0,0,
2074,38,27,2017/05/07 22:05,2017/05/08 00:05,51,0,0,0,0,
2075,61,38,2017/05/05 19:20,2017/05/05 21:05,111,0,0,0,0,
2076,38,27,2017/05/05 22:05,2017/05/06 00:05,111,0,0,0,0,
2077,61,25,2017/05/07 21:30,2017/05/08 00:15,14,0,0,0,0,
2078,27,38,2017/05/06 07:35,2017/05/06 09:35,63,0,0,0,0,
2079,27,38,2017/05/07 07:35,2017/05/07 09:35,112,0,0,0,0,
2080,27,38,2017/05/08 07:35,2017/05/08 09:35,89,0,0,0,0,
2081,61,25,2017/05/06 22:10,2017/05/07 01:05,63,1,0,0,1,594:95&2077:13
2082,25,61,2017/05/08 06:25,2017/05/08 09:20,110,0,0,0,0,
2083,61,38,2017/05/05 07:10,2017/05/05 08:45,113,0,0,0,0,
2084,61,38,2017/05/06 07:10,2017/05/06 08:45,100,0,0,0,0,
2085,61,38,2017/05/07 07:10,2017/05/07 08:45,116,1,0,0,1,2072:36&2086:31
2086,61,38,2017/05/08 07:10,2017/05/08 08:45,10,0,0,0,0,
2087,38,30,2017/05/05 09:45,2017/05/05 11:20,113,0,0,0,0,
2088,38,30,2017/05/06 09:45,2017/05/06 11:20,100,0,0,0,0,
2089,38,30,2017/05/07 09:45,2017/05/07 11:20,100,0,0,0,0,
2090,38,30,2017/05/08 09:45,2017/05/08 11:20,10,0,0,0,0,
2091,30,38,2017/05/05 12:15,2017/05/05 13:45,113,0,0,0,0,
2092,30,38,2017/05/06 12:15,2017/05/06 13:45,100,0,0,0,0,
2093,30,38,2017/05/07 12:15,2017/05/07 13:45,99,0,0,0,0,
2094,30,38,2017/05/08 12:15,2017/05/08 13:45,10,0,0,0,0,
2095,38,61,2017/05/05 14:45,2017/05/05 16:15,113,0,0,0,0,
2096,38,61,2017/05/06 14:45,2017/05/06 16:15,100,1,0,0,1,2067:59
2097,38,61,2017/05/07 15:40,2017/05/07 17:10,99,0,0,0,0,
2098,38,61,2017/05/08 14:45,2017/05/08 16:15,10,0,0,0,0,
2099,60,26,2017/05/05 10:45,2017/05/05 12:40,136,0,0,0,0,
2100,60,26,2017/05/06 10:45,2017/05/06 12:40,47,0,0,0,0,
2101,60,26,2017/05/07 10:45,2017/05/07 12:40,126,0,0,0,0,
2102,60,26,2017/05/08 10:45,2017/05/08 12:40,124,0,0,0,0,
2103,49,57,2017/05/06 12:50,2017/05/06 14:35,77,0,0,0,0,
2104,26,60,2017/05/05 13:25,2017/05/05 15:15,141,0,0,0,0,
2105,26,60,2017/05/06 13:25,2017/05/06 15:15,37,0,0,0,0,
2106,26,60,2017/05/07 13:30,2017/05/07 15:20,126,0,0,0,0,
2107,26,60,2017/05/08 13:25,2017/05/08 15:15,121,0,0,0,0,
2108,57,28,2017/05/06 15:35,2017/05/06 17:30,77,0,0,0,0,
2109,60,49,2017/05/05 16:05,2017/05/05 18:35,141,0,0,0,0,
2110,60,49,2017/05/06 16:05,2017/05/06 18:35,142,1,0,0,1,378:36&2111:1
2111,60,49,2017/05/07 16:10,2017/05/07 18:40,126,0,0,0,0,
2112,60,49,2017/05/08 16:05,2017/05/08 18:35,121,0,0,0,0,
2113,28,57,2017/05/06 18:15,2017/05/06 20:10,77,0,0,0,0,
2114,57,49,2017/05/06 21:10,2017/05/06 22:55,131,1,0,0,1,471:6&1284:9&186:28&472:2
2115,49,60,2017/05/05 07:30,2017/05/05 10:00,136,0,0,0,0,
2116,49,60,2017/05/06 07:30,2017/05/06 10:00,47,0,0,0,0,
2117,49,60,2017/05/07 07:30,2017/05/07 10:00,5,1,0,0,1,348:3&337:24
2118,49,60,2017/05/08 07:30,2017/05/08 10:00,124,0,0,0,0,
2119,25,32,2017/05/05 06:45,2017/05/05 09:25,121,0,0,0,0,
2120,25,32,2017/05/06 06:45,2017/05/06 09:25,125,0,0,0,0,
2121,25,32,2017/05/07 06:45,2017/05/07 09:25,63,0,0,0,0,
2122,25,32,2017/05/08 06:45,2017/05/08 09:25,14,0,0,0,0,
2123,38,43,2017/05/05 09:50,2017/05/05 11:55,11,0,0,0,0,
2124,38,43,2017/05/06 09:50,2017/05/06 11:55,119,0,0,0,0,
2125,38,43,2017/05/07 09:50,2017/05/07 11:55,116,0,0,0,0,
2126,38,43,2017/05/08 09:50,2017/05/08 11:55,88,0,0,0,0,
2127,30,52,2017/05/07 22:45,2017/05/08 00:50,129,0,0,0,0,
2128,52,30,2017/05/05 17:55,2017/05/05 20:15,120,0,0,0,0,
2129,52,30,2017/05/07 17:55,2017/05/07 20:15,122,0,0,0,0,
2130,30,52,2017/05/05 21:10,2017/05/05 23:15,120,0,0,0,0,
2131,30,52,2017/05/06 21:10,2017/05/06 23:15,75,0,0,0,0,
2132,30,52,2017/05/08 21:10,2017/05/08 23:15,88,0,0,0,0,
2133,43,38,2017/05/05 12:40,2017/05/05 14:45,11,0,0,0,0,
2134,43,38,2017/05/06 12:40,2017/05/06 14:45,119,0,0,0,0,
2135,43,38,2017/05/07 12:40,2017/05/07 14:45,116,0,0,0,0,
2136,43,38,2017/05/08 12:40,2017/05/08 14:45,88,0,0,0,0,
2137,52,30,2017/05/06 18:10,2017/05/06 20:20,75,0,0,0,0,
2138,52,30,2017/05/08 18:10,2017/05/08 20:20,88,0,0,0,0,
2139,32,25,2017/05/05 22:00,2017/05/06 00:25,125,0,0,0,0,
2140,32,25,2017/05/07 01:40,2017/05/07 04:05,7,0,0,0,0,
2141,32,25,2017/05/07 22:00,2017/05/08 00:25,110,0,0,0,0,
2142,32,25,2017/05/08 22:00,2017/05/09 00:25,122,0,0,0,0,
2143,52,38,2017/05/05 07:15,2017/05/05 08:50,11,0,0,0,0,
2144,52,38,2017/05/06 07:15,2017/05/06 08:50,119,0,0,0,0,
2145,52,38,2017/05/07 07:15,2017/05/07 08:50,116,0,0,0,0,
2146,52,38,2017/05/08 07:15,2017/05/08 08:50,88,0,0,0,0,
2147,37,43,2017/05/05 11:15,2017/05/05 13:10,65,0,0,0,0,
2148,37,43,2017/05/06 11:15,2017/05/06 13:10,52,0,0,0,0,
2149,37,43,2017/05/08 11:15,2017/05/08 13:10,114,0,0,0,0,
2150,38,52,2017/05/05 15:45,2017/05/05 17:00,11,0,0,0,0,
2151,38,52,2017/05/06 15:45,2017/05/06 17:00,119,0,0,0,0,
2152,38,52,2017/05/07 15:45,2017/05/07 17:00,116,0,0,0,0,
2153,38,52,2017/05/08 15:45,2017/05/08 17:00,88,0,0,0,0,
2154,61,37,2017/05/05 08:10,2017/05/05 10:15,65,0,0,0,0,
2155,61,37,2017/05/06 08:10,2017/05/06 10:15,52,0,0,0,0,
2156,61,37,2017/05/08 08:10,2017/05/08 10:15,114,0,0,0,0,
2157,73,46,2017/05/05 16:10,2017/05/05 17:20,103,0,0,0,0,
2158,73,46,2017/05/07 16:10,2017/05/07 17:20,42,1,0,0,1,2162:20
2159,49,73,2017/05/08 13:05,2017/05/08 15:20,95,0,0,0,0,
2160,73,49,2017/05/05 20:30,2017/05/05 22:35,103,0,0,0,0,
2161,73,49,2017/05/08 20:30,2017/05/08 22:35,95,0,0,0,0,
2162,73,46,2017/05/08 16:10,2017/05/08 17:20,95,0,0,0,0,
2163,46,73,2017/05/07 18:35,2017/05/07 19:45,44,0,0,0,0,
2164,73,49,2017/05/07 20:30,2017/05/07 22:35,44,0,0,0,0,
2165,75,27,2017/05/05 16:05,2017/05/05 19:45,139,0,0,0,0,
2166,75,27,2017/05/06 16:05,2017/05/06 19:45,120,0,0,0,0,
2167,75,27,2017/05/07 16:05,2017/05/07 19:45,117,0,0,0,0,
2168,75,27,2017/05/08 16:05,2017/05/08 19:45,117,0,0,0,0,
2169,46,73,2017/05/05 18:35,2017/05/05 19:45,103,0,0,0,0,
2170,46,73,2017/05/08 18:35,2017/05/08 19:45,95,0,0,0,0,
2171,27,46,2017/05/05 17:40,2017/05/05 19:40,102,0,0,0,0,
2172,27,46,2017/05/07 17:40,2017/05/07 19:40,42,0,0,0,0,
2173,27,75,2017/05/05 10:40,2017/05/05 14:55,139,0,0,0,0,
2174,27,75,2017/05/06 10:40,2017/05/06 14:55,120,0,0,0,0,
2175,27,75,2017/05/07 10:40,2017/05/07 14:55,49,0,0,0,0,
2176,27,75,2017/05/08 10:40,2017/05/08 14:55,117,0,0,0,0,
2177,27,52,2017/05/05 21:10,2017/05/05 23:10,139,0,0,0,0,
2178,27,52,2017/05/06 21:10,2017/05/06 23:10,120,0,0,0,0,
2179,27,52,2017/05/07 21:10,2017/05/07 23:10,117,0,0,0,0,
2180,27,52,2017/05/08 21:10,2017/05/08 23:10,117,0,0,0,0,
2181,52,27,2017/05/05 07:35,2017/05/05 09:40,139,0,0,0,0,
2182,52,27,2017/05/06 07:35,2017/05/06 09:40,120,0,0,0,0,
2183,52,27,2017/05/07 07:35,2017/05/07 09:40,49,0,0,0,0,
2184,52,27,2017/05/08 07:35,2017/05/08 09:40,117,0,0,0,0,
2185,49,73,2017/05/05 12:50,2017/05/05 15:10,103,0,0,0,0,
2186,49,73,2017/05/07 12:50,2017/05/07 15:10,42,1,0,0,1,2159:25
2187,52,67,2017/05/05 08:25,2017/05/05 10:50,38,0,0,0,0,
2188,52,67,2017/05/06 08:25,2017/05/06 10:50,60,0,0,0,0,
2189,52,67,2017/05/07 08:25,2017/05/07 10:50,83,0,0,0,0,
2190,52,67,2017/05/08 08:25,2017/05/08 10:50,83,0,0,0,0,
2191,67,52,2017/05/05 12:00,2017/05/05 14:20,38,0,0,0,0,
2192,67,52,2017/05/06 12:00,2017/05/06 14:20,60,0,0,0,0,
2193,67,52,2017/05/07 12:00,2017/05/07 14:20,83,0,0,0,0,
2194,67,52,2017/05/08 12:00,2017/05/08 14:20,83,0,0,0,0,
2195,32,67,2017/05/05 07:50,2017/05/05 09:20,119,0,0,0,0,
2196,32,67,2017/05/06 07:50,2017/05/06 09:20,83,0,0,0,0,
2197,32,67,2017/05/08 07:50,2017/05/08 09:20,9,0,0,0,0,
2198,35,49,2017/05/06 16:40,2017/05/06 18:00,43,1,0,0,1,2199:2&2200:45
2199,35,49,2017/05/07 16:40,2017/05/07 18:00,54,0,0,0,0,
2200,35,49,2017/05/08 16:40,2017/05/08 18:00,103,0,0,0,0,
2201,52,42,2017/05/05 13:30,2017/05/05 16:35,4,0,0,0,0,
2202,52,42,2017/05/06 13:30,2017/05/06 16:35,127,0,0,0,0,
2203,52,42,2017/05/07 13:30,2017/05/07 16:35,72,0,0,0,0,
2204,52,42,2017/05/08 13:30,2017/05/08 16:35,137,0,0,0,0,
2205,35,49,2017/05/05 16:40,2017/05/05 17:55,93,0,0,0,0,
2206,27,52,2017/05/05 10:30,2017/05/05 12:30,4,0,0,0,0,
2207,27,52,2017/05/06 10:30,2017/05/06 12:30,127,0,0,0,0,
2208,27,52,2017/05/07 10:30,2017/05/07 12:30,72,0,0,0,0,
2209,27,52,2017/05/08 10:30,2017/05/08 12:30,137,0,0,0,0,
2210,42,52,2017/05/06 17:30,2017/05/06 20:25,127,0,0,0,0,
2211,42,52,2017/05/07 17:30,2017/05/07 20:25,72,0,0,0,0,
2212,52,27,2017/05/06 21:25,2017/05/06 23:40,127,0,0,0,0,
2213,52,27,2017/05/07 21:25,2017/05/07 23:40,72,0,0,0,0,
2214,49,35,2017/05/06 14:20,2017/05/06 15:55,30,0,0,0,0,
2215,49,35,2017/05/07 14:20,2017/05/07 15:55,57,1,0,0,1,2216:48
2216,49,35,2017/05/08 14:20,2017/05/08 15:55,103,0,0,0,0,
2217,31,27,2017/05/05 11:15,2017/05/05 14:25,61,0,0,0,0,
2218,31,27,2017/05/07 11:15,2017/05/07 14:25,42,0,0,0,0,
2219,31,27,2017/05/08 11:15,2017/05/08 14:25,52,0,0,0,0,
2220,42,52,2017/05/05 17:30,2017/05/05 20:25,4,0,0,0,0,
2221,42,52,2017/05/08 17:30,2017/05/08 20:25,137,0,0,0,0,
2222,52,27,2017/05/05 21:25,2017/05/05 23:40,4,0,0,0,0,
2223,52,27,2017/05/08 21:25,2017/05/08 23:40,137,0,0,0,0,
2224,49,35,2017/05/05 14:20,2017/05/05 15:55,93,0,0,0,0,
2225,40,49,2017/05/05 21:30,2017/05/05 23:25,58,0,0,0,0,
2226,27,36,2017/05/05 07:15,2017/05/05 10:35,102,0,0,0,0,
2227,27,36,2017/05/06 07:15,2017/05/06 10:35,112,0,0,0,0,
2228,27,36,2017/05/07 07:15,2017/05/07 10:35,118,0,0,0,0,
2229,27,36,2017/05/08 07:15,2017/05/08 10:35,72,0,0,0,0,
2230,36,27,2017/05/05 11:40,2017/05/05 14:45,102,0,0,0,0,
2231,36,27,2017/05/07 11:40,2017/05/07 14:45,62,0,0,0,0,
2232,36,27,2017/05/08 11:40,2017/05/08 14:45,72,0,0,0,0,
2233,36,27,2017/05/06 11:40,2017/05/06 14:45,112,0,0,0,0,
2234,49,40,2017/05/05 18:30,2017/05/05 20:30,58,0,0,0,0,
2235,49,40,2017/05/07 18:30,2017/05/07 20:30,95,0,0,0,0,
2236,40,49,2017/05/07 21:30,2017/05/07 23:25,95,0,0,0,0,
2237,27,31,2017/05/05 07:05,2017/05/05 10:10,61,0,0,0,0,
2238,27,31,2017/05/07 07:05,2017/05/07 10:10,38,0,0,0,0,
2239,27,31,2017/05/08 07:05,2017/05/08 10:10,52,0,0,0,0,
2240,36,52,2017/05/05 10:25,2017/05/05 12:30,62,0,0,0,0,
2241,36,52,2017/05/06 10:25,2017/05/06 12:30,34,0,0,0,0,
2242,36,52,2017/05/07 10:25,2017/05/07 12:30,34,0,0,0,0,
2243,36,52,2017/05/08 10:25,2017/05/08 12:30,61,0,0,0,0,
2244,52,36,2017/05/05 07:05,2017/05/05 09:20,62,0,0,0,0,
2245,52,36,2017/05/06 07:05,2017/05/06 09:20,34,0,0,0,0,
2246,52,36,2017/05/07 07:05,2017/05/07 09:20,34,0,0,0,0,
2247,52,36,2017/05/08 07:05,2017/05/08 09:20,61,0,0,0,0,
2248,52,44,2017/05/05 16:10,2017/05/05 19:05,34,0,0,0,0,
2249,52,44,2017/05/07 16:10,2017/05/07 19:05,83,0,0,0,0,
2250,47,32,2017/05/08 16:10,2017/05/08 18:30,40,0,0,0,0,
2251,67,74,2017/05/07 11:25,2017/05/07 13:05,32,0,0,0,0,
2252,32,52,2017/05/08 19:25,2017/05/08 21:00,40,0,0,0,0,
2253,74,67,2017/05/06 14:10,2017/05/06 15:30,32,0,0,0,0,
2254,74,67,2017/05/08 14:10,2017/05/08 15:30,32,0,0,0,0,
2255,47,32,2017/05/06 16:10,2017/05/06 18:30,31,0,0,0,0,
2256,32,52,2017/05/06 19:25,2017/05/06 21:00,31,0,0,0,0,
2257,44,52,2017/05/05 19:50,2017/05/05 22:25,34,0,0,0,0,
2258,44,52,2017/05/07 19:50,2017/05/07 22:25,83,0,0,0,0,
2259,67,49,2017/05/06 16:35,2017/05/06 19:05,32,1,0,0,1,152:40
2260,67,49,2017/05/08 16:35,2017/05/08 19:05,32,0,0,0,0,
2261,52,32,2017/05/07 10:10,2017/05/07 12:00,31,0,0,0,0,
2262,49,32,2017/05/06 13:00,2017/05/06 14:40,43,0,0,0,0,
2263,32,47,2017/05/07 13:00,2017/05/07 15:20,31,0,0,0,0,
2264,32,46,2017/05/06 15:35,2017/05/06 17:20,43,0,0,0,0,
2265,52,32,2017/05/05 10:10,2017/05/05 12:00,31,0,0,0,0,
2266,32,47,2017/05/05 13:00,2017/05/05 15:20,31,0,0,0,0,
2267,46,32,2017/05/06 18:35,2017/05/06 20:25,93,0,0,0,0,
2268,32,49,2017/05/06 21:25,2017/05/06 22:55,140,1,0,0,1,650:58&23:20&125:56
2269,49,67,2017/05/07 07:45,2017/05/07 10:25,32,1,0,0,1,75:53&1652:19
2270,32,61,2017/05/06 22:15,2017/05/06 23:50,79,1,0,0,1,1773:74&2271:26&1774:9
2271,32,61,2017/05/07 22:15,2017/05/07 23:50,79,0,0,0,0,
2272,57,46,2017/05/05 10:45,2017/05/05 12:40,87,0,0,0,0,
2273,57,46,2017/05/06 10:45,2017/05/06 12:40,113,0,0,0,0,
2274,57,46,2017/05/07 10:45,2017/05/07 12:40,132,0,0,0,0,
2275,57,46,2017/05/08 10:45,2017/05/08 12:40,112,0,0,0,0,
2276,61,57,2017/05/05 08:10,2017/05/05 09:45,87,0,0,0,0,
2277,61,57,2017/05/06 08:10,2017/05/06 09:45,113,0,0,0,0,
2278,61,57,2017/05/07 08:10,2017/05/07 09:45,100,1,0,0,1,2279:65
2279,61,57,2017/05/08 08:10,2017/05/08 09:45,112,0,0,0,0,
2280,46,57,2017/05/08 19:35,2017/05/08 21:25,87,0,0,0,0,
2281,57,61,2017/05/08 22:25,2017/05/08 23:55,87,0,0,0,0,
2282,46,57,2017/05/06 19:35,2017/05/06 21:25,64,0,0,0,0,
2283,46,57,2017/05/07 19:35,2017/05/07 21:25,113,0,0,0,0,
2284,43,37,2017/05/05 14:25,2017/05/05 16:05,65,0,0,0,0,
2285,43,37,2017/05/06 14:25,2017/05/06 16:05,52,0,0,0,0,
2286,43,37,2017/05/08 14:25,2017/05/08 16:05,114,0,0,0,0,
2287,57,61,2017/05/06 22:25,2017/05/06 23:55,87,1,0,0,1,2288:64
2288,57,61,2017/05/07 22:25,2017/05/07 23:55,113,0,0,0,0,
2289,32,44,2017/05/06 16:00,2017/05/06 18:25,79,0,0,0,0,
2290,32,44,2017/05/07 16:00,2017/05/07 18:25,79,0,0,0,0,
2291,37,61,2017/05/05 17:05,2017/05/05 19:10,65,0,0,0,0,
2292,37,61,2017/05/06 17:05,2017/05/06 19:10,96,1,0,0,1,2293:54
2293,37,61,2017/05/08 17:05,2017/05/08 19:10,114,0,0,0,0,
2294,46,57,2017/05/05 19:35,2017/05/05 21:25,17,0,0,0,0,
2295,57,61,2017/05/05 22:25,2017/05/05 23:55,17,0,0,0,0,
2296,61,32,2017/05/06 13:25,2017/05/06 15:00,79,0,0,0,0,
2297,61,32,2017/05/07 13:25,2017/05/07 15:00,112,1,0,0,1,1782:56
2298,44,32,2017/05/06 19:10,2017/05/06 21:25,79,0,0,0,0,
2299,44,32,2017/05/07 19:10,2017/05/07 21:25,79,0,0,0,0,
2300,39,49,2017/05/06 20:50,2017/05/06 22:50,42,1,0,0,1,2303:36
2301,49,39,2017/05/06 18:05,2017/05/06 20:05,42,1,0,0,1,2302:67
2302,49,39,2017/05/08 18:05,2017/05/08 20:05,48,0,0,0,0,
2303,39,49,2017/05/08 20:50,2017/05/08 22:50,48,0,0,0,0,
2304,46,45,2017/05/05 16:55,2017/05/05 18:25,62,0,0,0,0,
2305,46,45,2017/05/07 16:55,2017/05/07 18:25,60,0,0,0,0,
2306,46,45,2017/05/08 16:55,2017/05/08 18:25,61,0,0,0,0,
2307,45,46,2017/05/05 19:10,2017/05/05 20:30,62,0,0,0,0,
2308,45,46,2017/05/07 19:10,2017/05/07 20:30,60,0,0,0,0,
2309,45,46,2017/05/08 19:10,2017/05/08 20:30,61,0,0,0,0,
2310,46,52,2017/05/05 21:35,2017/05/05 23:45,62,0,0,0,0,
2311,46,52,2017/05/07 21:35,2017/05/07 23:45,60,0,0,0,0,
2312,46,52,2017/05/08 21:35,2017/05/08 23:45,61,0,0,0,0,
2313,44,38,2017/05/05 19:00,2017/05/05 21:00,128,0,0,0,0,
2314,44,38,2017/05/06 19:00,2017/05/06 21:00,59,0,0,0,0,
2315,44,38,2017/05/07 19:00,2017/05/07 21:00,59,0,0,0,0,
2316,52,46,2017/05/05 13:35,2017/05/05 15:55,62,0,0,0,0,
2317,52,46,2017/05/07 13:35,2017/05/07 15:55,60,0,0,0,0,
2318,52,46,2017/05/08 13:35,2017/05/08 15:55,61,0,0,0,0,
2319,38,49,2017/05/05 22:10,2017/05/05 23:40,128,0,0,0,0,
2320,38,49,2017/05/06 22:10,2017/05/06 23:40,59,1,0,0,1,916:78&1049:12
2321,38,49,2017/05/07 22:10,2017/05/07 23:40,59,0,0,0,0,
2322,32,50,2017/05/05 22:25,2017/05/05 23:50,105,0,0,0,0,
2323,75,32,2017/05/07 17:15,2017/05/07 21:25,66,0,0,0,0,
2324,50,32,2017/05/05 09:05,2017/05/05 10:30,105,0,0,0,0,
2325,50,32,2017/05/06 09:05,2017/05/06 10:30,66,0,0,0,0,
2326,50,32,2017/05/07 09:05,2017/05/07 10:30,104,1,0,0,1,761:57&609:16
2327,50,32,2017/05/08 09:05,2017/05/08 10:30,66,0,0,0,0,
2328,32,50,2017/05/07 22:25,2017/05/07 23:50,66,0,0,0,0,
2329,75,32,2017/05/08 17:15,2017/05/08 21:25,66,0,0,0,0,
2330,32,50,2017/05/08 22:25,2017/05/08 23:50,66,0,0,0,0,
2331,32,75,2017/05/05 11:30,2017/05/05 16:05,105,0,0,0,0,
2332,32,75,2017/05/06 11:30,2017/05/06 16:05,66,0,0,0,0,
2333,32,75,2017/05/07 11:30,2017/05/07 16:05,66,0,0,0,0,
2334,32,75,2017/05/08 11:30,2017/05/08 16:05,66,0,0,0,0,
2335,75,32,2017/05/06 17:15,2017/05/06 21:25,66,0,0,0,0,
2336,32,50,2017/05/06 22:25,2017/05/06 23:50,66,1,0,0,1,798:50&634:36&801:26&642:15
2337,75,32,2017/05/05 17:15,2017/05/05 21:25,105,0,0,0,0,
2338,49,11,2017/05/05 21:00,2017/05/05 23:30,109,0,0,0,0,
2339,49,11,2017/05/06 21:00,2017/05/06 23:30,18,1,0,0,1,806:54
2340,49,11,2017/05/07 21:00,2017/05/07 23:30,102,0,0,0,0,
2341,49,11,2017/05/08 21:00,2017/05/08 23:30,102,0,0,0,0,
2342,11,49,2017/05/05 06:30,2017/05/05 08:55,106,0,0,0,0,
2343,11,49,2017/05/06 06:30,2017/05/06 08:55,109,0,0,0,0,
2344,11,49,2017/05/07 06:30,2017/05/07 08:55,18,1,0,0,1,762:76&758:51
2345,11,49,2017/05/08 06:30,2017/05/08 08:55,102,0,0,0,0,
2346,49,65,2017/05/06 07:10,2017/05/06 09:55,90,0,0,0,0,
2347,65,77,2017/05/06 10:35,2017/05/06 12:25,90,0,0,0,1,2047:2
2348,77,65,2017/05/06 13:50,2017/05/06 15:55,1,0,0,0,0,
2349,65,49,2017/05/06 16:40,2017/05/06 19:20,90,1,0,0,1,2040:41
2350,52,35,2017/05/07 17:00,2017/05/07 19:10,88,0,0,0,0,
2351,35,52,2017/05/07 19:55,2017/05/07 21:55,88,0,0,0,0,
2352,51,51,2017/05/08 09:00,2017/05/08 12:00,59,0,0,0,0,
2353,51,51,2017/05/08 13:30,2017/05/08 16:30,59,0,0,0,0,
2354,58,58,2017/05/08 09:30,2017/05/08 11:30,50,0,0,0,0,
2355,58,58,2017/05/08 13:30,2017/05/08 16:30,50,0,0,0,0,
2356,49,51,2017/05/08 07:40,2017/05/08 08:30,59,0,0,0,0,
2357,50,58,2017/05/08 07:20,2017/05/08 09:00,50,0,0,0,0,
2358,58,58,2017/05/08 18:00,2017/05/08 20:00,50,0,0,0,0,
2359,50,37,2017/05/06 10:55,2017/05/06 13:00,115,0,0,0,0,
2360,50,37,2017/05/05 10:55,2017/05/05 13:00,118,0,0,0,0,
2361,50,37,2017/05/07 10:55,2017/05/07 13:00,13,1,0,0,1,947:27&2029:15&948:59
2362,37,50,2017/05/05 08:10,2017/05/05 10:10,114,0,0,0,0,
2363,37,50,2017/05/06 08:10,2017/05/06 10:10,115,0,0,0,0,
2364,37,50,2017/05/07 15:00,2017/05/07 17:00,136,0,0,0,0,
